1;01;001
2;01;002
3;01;003
4;01;004
5;01;006
6;01;008
7;01;009
8;01;010
9;01;011
10;01;013
11;01;014
12;01;016
13;01;017
14;01;018
15;01;019
16;01;020
17;01;021
18;01;022
19;01;023
20;01;027
21;01;028
22;01;030
23;01;031
24;01;032
25;01;033
26;01;034
27;01;036
28;01;037
29;01;039
30;01;041
31;01;042
32;01;043
33;01;044
34;01;046
35;01;047
36;01;049
37;01;051
38;01;052
39;01;053
40;01;054
41;01;055
42;01;056
43;01;057
44;01;058
45;01;059
46;01;060
47;01;061
48;01;062
49;01;063
50;01;901
51;01;902
52;02;001
53;02;002
54;02;003
55;02;004
56;02;005
57;02;006
58;02;007
59;02;008
60;02;009
61;02;010
62;02;011
63;02;012
64;02;013
65;02;014
66;02;015
67;02;016
68;02;017
69;02;018
70;02;019
71;02;020
72;02;021
73;02;022
74;02;023
75;02;024
76;02;025
77;02;026
78;02;027
79;02;028
80;02;029
81;02;030
82;02;031
83;02;032
84;02;033
85;02;034
86;02;035
87;02;036
88;02;037
89;02;038
90;02;039
91;02;040
92;02;041
93;02;042
94;02;043
95;02;044
96;02;045
97;02;046
98;02;047
99;02;048
100;02;049
101;02;050
102;02;051
103;02;052
104;02;053
105;02;054
106;02;055
107;02;056
108;02;057
109;02;058
110;02;059
111;02;060
112;02;061
113;02;062
114;02;063
115;02;064
116;02;065
117;02;066
118;02;067
119;02;068
120;02;069
121;02;070
122;02;071
123;02;072
124;02;073
125;02;074
126;02;075
127;02;076
128;02;077
129;02;078
130;02;079
131;02;080
132;02;081
133;02;082
134;02;083
135;02;084
136;02;085
137;02;086
138;03;001
139;03;002
140;03;003
141;03;004
142;03;005
143;03;006
144;03;007
145;03;008
146;03;009
147;03;010
148;03;011
149;03;012
150;03;013
151;03;014
152;03;015
153;03;016
154;03;017
155;03;018
156;03;019
157;03;020
158;03;021
159;03;022
160;03;023
161;03;024
162;03;025
163;03;026
164;03;027
165;03;028
166;03;029
167;03;030
168;03;031
169;03;032
170;03;033
171;03;034
172;03;035
173;03;036
174;03;037
175;03;038
176;03;039
177;03;040
178;03;041
179;03;042
180;03;043
181;03;044
182;03;045
183;03;046
184;03;047
185;03;048
186;03;049
187;03;050
188;03;051
189;03;052
190;03;053
191;03;054
192;03;055
193;03;056
194;03;057
195;03;058
196;03;059
197;03;060
198;03;061
199;03;062
200;03;063
201;03;064
202;03;065
203;03;066
204;03;067
205;03;068
206;03;069
207;03;070
208;03;071
209;03;072
210;03;073
211;03;074
212;03;075
213;03;076
214;03;077
215;03;078
216;03;079
217;03;080
218;03;081
219;03;082
220;03;083
221;03;084
222;03;085
223;03;086
224;03;088
225;03;089
226;03;090
227;03;091
228;03;092
229;03;093
230;03;094
231;03;095
232;03;096
233;03;097
234;03;098
235;03;099
236;03;100
237;03;101
238;03;102
239;03;103
240;03;104
241;03;105
242;03;106
243;03;107
244;03;109
245;03;110
246;03;111
247;03;112
248;03;113
249;03;114
250;03;115
251;03;116
252;03;117
253;03;118
254;03;119
255;03;120
256;03;121
257;03;122
258;03;123
259;03;124
260;03;125
261;03;127
262;03;128
263;03;129
264;03;130
265;03;131
266;03;132
267;03;133
268;03;134
269;03;135
270;03;136
271;03;137
272;03;138
273;03;139
274;03;140
275;03;901
276;03;902
277;03;903
278;03;904
279;04;001
280;04;002
281;04;003
282;04;004
283;04;005
284;04;006
285;04;007
286;04;008
287;04;009
288;04;010
289;04;011
290;04;012
291;04;013
292;04;014
293;04;015
294;04;016
295;04;017
296;04;018
297;04;019
298;04;020
299;04;021
300;04;022
301;04;023
302;04;024
303;04;026
304;04;027
305;04;028
306;04;029
307;04;030
308;04;031
309;04;032
310;04;033
311;04;034
312;04;035
313;04;036
314;04;037
315;04;038
316;04;041
317;04;043
318;04;044
319;04;045
320;04;046
321;04;047
322;04;048
323;04;049
324;04;050
325;04;051
326;04;052
327;04;053
328;04;054
329;04;055
330;04;056
331;04;057
332;04;058
333;04;059
334;04;060
335;04;061
336;04;062
337;04;063
338;04;064
339;04;065
340;04;066
341;04;067
342;04;068
343;04;069
344;04;070
345;04;071
346;04;072
347;04;073
348;04;074
349;04;075
350;04;076
351;04;077
352;04;078
353;04;079
354;04;080
355;04;081
356;04;082
357;04;083
358;04;084
359;04;085
360;04;086
361;04;087
362;04;088
363;04;089
364;04;090
365;04;091
366;04;092
367;04;093
368;04;094
369;04;095
370;04;096
371;04;097
372;04;098
373;04;099
374;04;100
375;04;101
376;04;102
377;04;103
378;04;901
379;04;902
380;04;903
381;05;001
382;05;002
383;05;005
384;05;007
385;05;008
386;05;010
387;05;012
388;05;013
389;05;014
390;05;015
391;05;016
392;05;017
393;05;018
394;05;019
395;05;021
396;05;022
397;05;023
398;05;024
399;05;025
400;05;026
401;05;027
402;05;029
403;05;030
404;05;033
405;05;034
406;05;035
407;05;036
408;05;037
409;05;038
410;05;039
411;05;040
412;05;041
413;05;042
414;05;043
415;05;044
416;05;045
417;05;046
418;05;047
419;05;048
420;05;049
421;05;051
422;05;052
423;05;053
424;05;054
425;05;055
426;05;056
427;05;057
428;05;058
429;05;059
430;05;060
431;05;061
432;05;062
433;05;063
434;05;064
435;05;065
436;05;066
437;05;067
438;05;069
439;05;070
440;05;072
441;05;073
442;05;074
443;05;075
444;05;076
445;05;077
446;05;078
447;05;079
448;05;080
449;05;081
450;05;082
451;05;083
452;05;084
453;05;085
454;05;086
455;05;087
456;05;088
457;05;089
458;05;090
459;05;092
460;05;093
461;05;094
462;05;095
463;05;096
464;05;097
465;05;099
466;05;100
467;05;101
468;05;102
469;05;103
470;05;104
471;05;105
472;05;106
473;05;107
474;05;108
475;05;109
476;05;110
477;05;112
478;05;113
479;05;114
480;05;115
481;05;116
482;05;117
483;05;118
484;05;119
485;05;120
486;05;121
487;05;122
488;05;123
489;05;124
490;05;125
491;05;126
492;05;127
493;05;128
494;05;129
495;05;130
496;05;131
497;05;132
498;05;133
499;05;134
500;05;135
501;05;136
502;05;138
503;05;139
504;05;140
505;05;141
506;05;142
507;05;143
508;05;144
509;05;145
510;05;147
511;05;148
512;05;149
513;05;151
514;05;152
515;05;153
516;05;154
517;05;155
518;05;156
519;05;157
520;05;158
521;05;159
522;05;160
523;05;161
524;05;162
525;05;163
526;05;164
527;05;165
528;05;166
529;05;167
530;05;168
531;05;169
532;05;170
533;05;171
534;05;172
535;05;173
536;05;174
537;05;175
538;05;176
539;05;177
540;05;178
541;05;179
542;05;180
543;05;181
544;05;182
545;05;183
546;05;184
547;05;185
548;05;186
549;05;187
550;05;188
551;05;189
552;05;190
553;05;191
554;05;192
555;05;193
556;05;194
557;05;195
558;05;196
559;05;197
560;05;198
561;05;199
562;05;200
563;05;201
564;05;204
565;05;205
566;05;206
567;05;207
568;05;208
569;05;209
570;05;210
571;05;211
572;05;212
573;05;213
574;05;214
575;05;215
576;05;216
577;05;217
578;05;218
579;05;219
580;05;220
581;05;221
582;05;222
583;05;224
584;05;225
585;05;226
586;05;227
587;05;228
588;05;229
589;05;230
590;05;231
591;05;232
592;05;233
593;05;234
594;05;235
595;05;236
596;05;237
597;05;238
598;05;239
599;05;240
600;05;241
601;05;242
602;05;243
603;05;244
604;05;245
605;05;246
606;05;247
607;05;249
608;05;251
609;05;252
610;05;253
611;05;254
612;05;256
613;05;257
614;05;258
615;05;259
616;05;260
617;05;261
618;05;262
619;05;263
620;05;264
621;05;265
622;05;266
623;05;267
624;05;901
625;05;902
626;05;903
627;05;904
628;05;905
629;06;001
630;06;002
631;06;003
632;06;004
633;06;005
634;06;006
635;06;007
636;06;008
637;06;009
638;06;010
639;06;011
640;06;012
641;06;013
642;06;014
643;06;015
644;06;016
645;06;017
646;06;018
647;06;019
648;06;020
649;06;021
650;06;022
651;06;023
652;06;024
653;06;025
654;06;026
655;06;027
656;06;028
657;06;029
658;06;030
659;06;031
660;06;032
661;06;033
662;06;034
663;06;035
664;06;036
665;06;037
666;06;038
667;06;039
668;06;040
669;06;041
670;06;042
671;06;043
672;06;044
673;06;045
674;06;046
675;06;047
676;06;048
677;06;049
678;06;050
679;06;051
680;06;052
681;06;053
682;06;054
683;06;055
684;06;056
685;06;057
686;06;058
687;06;059
688;06;060
689;06;061
690;06;062
691;06;063
692;06;064
693;06;065
694;06;066
695;06;067
696;06;068
697;06;069
698;06;070
699;06;071
700;06;072
701;06;073
702;06;074
703;06;075
704;06;076
705;06;077
706;06;078
707;06;079
708;06;080
709;06;081
710;06;082
711;06;083
712;06;084
713;06;085
714;06;086
715;06;087
716;06;088
717;06;089
718;06;090
719;06;091
720;06;092
721;06;093
722;06;094
723;06;095
724;06;096
725;06;097
726;06;098
727;06;099
728;06;100
729;06;101
730;06;102
731;06;103
732;06;104
733;06;105
734;06;106
735;06;107
736;06;108
737;06;109
738;06;110
739;06;111
740;06;112
741;06;113
742;06;114
743;06;115
744;06;116
745;06;117
746;06;118
747;06;119
748;06;120
749;06;121
750;06;122
751;06;123
752;06;124
753;06;125
754;06;126
755;06;127
756;06;128
757;06;129
758;06;130
759;06;131
760;06;132
761;06;133
762;06;134
763;06;135
764;06;136
765;06;137
766;06;138
767;06;139
768;06;140
769;06;141
770;06;142
771;06;143
772;06;144
773;06;145
774;06;146
775;06;147
776;06;148
777;06;149
778;06;150
779;06;151
780;06;152
781;06;153
782;06;154
783;06;155
784;06;156
785;06;157
786;06;158
787;06;159
788;06;160
789;06;161
790;06;162
791;06;901
792;07;001
793;07;002
794;07;003
795;07;004
796;07;005
797;07;006
798;07;007
799;07;008
800;07;009
801;07;010
802;07;011
803;07;012
804;07;013
805;07;014
806;07;015
807;07;016
808;07;017
809;07;018
810;07;019
811;07;020
812;07;021
813;07;022
814;07;023
815;07;024
816;07;025
817;07;026
818;07;027
819;07;028
820;07;029
821;07;030
822;07;031
823;07;032
824;07;033
825;07;034
826;07;035
827;07;036
828;07;037
829;07;038
830;07;039
831;07;040
832;07;041
833;07;042
834;07;043
835;07;044
836;07;045
837;07;046
838;07;047
839;07;048
840;07;049
841;07;050
842;07;051
843;07;052
844;07;053
845;07;054
846;07;055
847;07;056
848;07;057
849;07;058
850;07;059
851;07;060
852;07;061
853;07;062
854;07;063
855;07;064
856;07;065
857;07;901
858;07;902
859;08;001
860;08;002
861;08;003
862;08;004
863;08;005
864;08;006
865;08;007
866;08;008
867;08;009
868;08;010
869;08;011
870;08;012
871;08;013
872;08;014
873;08;015
874;08;016
875;08;017
876;08;018
877;08;019
878;08;020
879;08;021
880;08;022
881;08;023
882;08;024
883;08;025
884;08;026
885;08;027
886;08;028
887;08;029
888;08;030
889;08;031
890;08;032
891;08;033
892;08;034
893;08;035
894;08;036
895;08;037
896;08;038
897;08;039
898;08;040
899;08;041
900;08;042
901;08;043
902;08;044
903;08;045
904;08;046
905;08;047
906;08;048
907;08;049
908;08;050
909;08;051
910;08;052
911;08;053
912;08;054
913;08;055
914;08;056
915;08;057
916;08;058
917;08;059
918;08;060
919;08;061
920;08;062
921;08;063
922;08;064
923;08;065
924;08;066
925;08;067
926;08;068
927;08;069
928;08;070
929;08;071
930;08;072
931;08;073
932;08;074
933;08;075
934;08;076
935;08;077
936;08;078
937;08;079
938;08;080
939;08;081
940;08;082
941;08;083
942;08;084
943;08;085
944;08;086
945;08;087
946;08;088
947;08;089
948;08;090
949;08;091
950;08;092
951;08;093
952;08;094
953;08;095
954;08;096
955;08;097
956;08;098
957;08;099
958;08;100
959;08;101
960;08;102
961;08;103
962;08;104
963;08;105
964;08;106
965;08;107
966;08;108
967;08;109
968;08;110
969;08;111
970;08;112
971;08;113
972;08;114
973;08;115
974;08;116
975;08;117
976;08;118
977;08;119
978;08;120
979;08;121
980;08;122
981;08;123
982;08;124
983;08;125
984;08;126
985;08;127
986;08;128
987;08;129
988;08;130
989;08;131
990;08;132
991;08;133
992;08;134
993;08;135
994;08;136
995;08;137
996;08;138
997;08;139
998;08;140
999;08;141
1000;08;142
1001;08;143
1002;08;144
1003;08;145
1004;08;146
1005;08;147
1006;08;148
1007;08;149
1008;08;150
1009;08;151
1010;08;152
1011;08;153
1012;08;154
1013;08;155
1014;08;156
1015;08;157
1016;08;158
1017;08;159
1018;08;160
1019;08;161
1020;08;162
1021;08;163
1022;08;164
1023;08;165
1024;08;166
1025;08;167
1026;08;168
1027;08;169
1028;08;170
1029;08;171
1030;08;172
1031;08;174
1032;08;175
1033;08;176
1034;08;177
1035;08;178
1036;08;179
1037;08;180
1038;08;181
1039;08;182
1040;08;183
1041;08;184
1042;08;185
1043;08;187
1044;08;188
1045;08;189
1046;08;190
1047;08;191
1048;08;192
1049;08;193
1050;08;194
1051;08;195
1052;08;196
1053;08;197
1054;08;198
1055;08;199
1056;08;200
1057;08;201
1058;08;202
1059;08;203
1060;08;204
1061;08;205
1062;08;206
1063;08;207
1064;08;208
1065;08;209
1066;08;210
1067;08;211
1068;08;212
1069;08;213
1070;08;214
1071;08;215
1072;08;216
1073;08;217
1074;08;218
1075;08;219
1076;08;220
1077;08;221
1078;08;222
1079;08;223
1080;08;224
1081;08;225
1082;08;226
1083;08;227
1084;08;228
1085;08;229
1086;08;230
1087;08;231
1088;08;232
1089;08;233
1090;08;234
1091;08;235
1092;08;236
1093;08;237
1094;08;238
1095;08;239
1096;08;240
1097;08;241
1098;08;242
1099;08;243
1100;08;244
1101;08;245
1102;08;246
1103;08;247
1104;08;248
1105;08;249
1106;08;250
1107;08;251
1108;08;252
1109;08;253
1110;08;254
1111;08;255
1112;08;256
1113;08;257
1114;08;258
1115;08;259
1116;08;260
1117;08;261
1118;08;262
1119;08;263
1120;08;264
1121;08;265
1122;08;266
1123;08;267
1124;08;268
1125;08;269
1126;08;270
1127;08;271
1128;08;272
1129;08;273
1130;08;274
1131;08;275
1132;08;276
1133;08;277
1134;08;278
1135;08;279
1136;08;280
1137;08;281
1138;08;282
1139;08;283
1140;08;284
1141;08;285
1142;08;286
1143;08;287
1144;08;288
1145;08;289
1146;08;290
1147;08;291
1148;08;292
1149;08;293
1150;08;294
1151;08;295
1152;08;296
1153;08;297
1154;08;298
1155;08;299
1156;08;300
1157;08;301
1158;08;302
1159;08;303
1160;08;304
1161;08;305
1162;08;306
1163;08;307
1164;08;308
1165;08;901
1166;08;902
1167;08;903
1168;08;904
1169;08;905
1170;09;001
1171;09;003
1172;09;006
1173;09;007
1174;09;009
1175;09;010
1176;09;011
1177;09;012
1178;09;013
1179;09;014
1180;09;016
1181;09;017
1182;09;018
1183;09;019
1184;09;020
1185;09;021
1186;09;022
1187;09;023
1188;09;024
1189;09;025
1190;09;026
1191;09;027
1192;09;029
1193;09;030
1194;09;032
1195;09;033
1196;09;034
1197;09;035
1198;09;036
1199;09;037
1200;09;038
1201;09;039
1202;09;041
1203;09;043
1204;09;044
1205;09;045
1206;09;046
1207;09;047
1208;09;048
1209;09;050
1210;09;051
1211;09;052
1212;09;054
1213;09;055
1214;09;056
1215;09;057
1216;09;058
1217;09;059
1218;09;060
1219;09;061
1220;09;062
1221;09;063
1222;09;064
1223;09;065
1224;09;066
1225;09;067
1226;09;068
1227;09;070
1228;09;071
1229;09;072
1230;09;073
1231;09;074
1232;09;075
1233;09;076
1234;09;077
1235;09;078
1236;09;079
1237;09;082
1238;09;083
1239;09;084
1240;09;085
1241;09;086
1242;09;088
1243;09;090
1244;09;091
1245;09;093
1246;09;094
1247;09;095
1248;09;098
1249;09;100
1250;09;101
1251;09;102
1252;09;103
1253;09;104
1254;09;105
1255;09;108
1256;09;109
1257;09;110
1258;09;112
1259;09;113
1260;09;114
1261;09;115
1262;09;117
1263;09;119
1264;09;120
1265;09;122
1266;09;123
1267;09;124
1268;09;125
1269;09;127
1270;09;128
1271;09;129
1272;09;130
1273;09;131
1274;09;132
1275;09;133
1276;09;134
1277;09;135
1278;09;136
1279;09;137
1280;09;138
1281;09;139
1282;09;140
1283;09;141
1284;09;143
1285;09;144
1286;09;148
1287;09;149
1288;09;151
1289;09;152
1290;09;154
1291;09;155
1292;09;159
1293;09;160
1294;09;162
1295;09;163
1296;09;164
1297;09;166
1298;09;167
1299;09;168
1300;09;169
1301;09;170
1302;09;172
1303;09;173
1304;09;174
1305;09;175
1306;09;176
1307;09;177
1308;09;178
1309;09;179
1310;09;180
1311;09;181
1312;09;182
1313;09;183
1314;09;184
1315;09;189
1316;09;190
1317;09;191
1318;09;192
1319;09;194
1320;09;195
1321;09;196
1322;09;197
1323;09;198
1324;09;199
1325;09;200
1326;09;201
1327;09;202
1328;09;206
1329;09;208
1330;09;209
1331;09;211
1332;09;213
1333;09;214
1334;09;215
1335;09;216
1336;09;217
1337;09;218
1338;09;219
1339;09;220
1340;09;221
1341;09;223
1342;09;224
1343;09;225
1344;09;226
1345;09;227
1346;09;228
1347;09;229
1348;09;230
1349;09;231
1350;09;232
1351;09;235
1352;09;236
1353;09;238
1354;09;239
1355;09;241
1356;09;242
1357;09;243
1358;09;244
1359;09;246
1360;09;247
1361;09;248
1362;09;249
1363;09;250
1364;09;251
1365;09;253
1366;09;255
1367;09;256
1368;09;257
1369;09;258
1370;09;259
1371;09;261
1372;09;262
1373;09;265
1374;09;266
1375;09;267
1376;09;268
1377;09;269
1378;09;270
1379;09;272
1380;09;273
1381;09;274
1382;09;275
1383;09;276
1384;09;277
1385;09;279
1386;09;280
1387;09;281
1388;09;283
1389;09;287
1390;09;288
1391;09;289
1392;09;292
1393;09;294
1394;09;295
1395;09;297
1396;09;298
1397;09;301
1398;09;302
1399;09;303
1400;09;304
1401;09;306
1402;09;307
1403;09;308
1404;09;309
1405;09;310
1406;09;311
1407;09;312
1408;09;314
1409;09;315
1410;09;316
1411;09;317
1412;09;318
1413;09;321
1414;09;323
1415;09;325
1416;09;326
1417;09;327
1418;09;328
1419;09;329
1420;09;330
1421;09;332
1422;09;334
1423;09;335
1424;09;337
1425;09;338
1426;09;339
1427;09;340
1428;09;343
1429;09;345
1430;09;346
1431;09;347
1432;09;348
1433;09;350
1434;09;351
1435;09;352
1436;09;353
1437;09;354
1438;09;355
1439;09;356
1440;09;358
1441;09;360
1442;09;361
1443;09;362
1444;09;363
1445;09;365
1446;09;366
1447;09;368
1448;09;369
1449;09;372
1450;09;373
1451;09;374
1452;09;375
1453;09;377
1454;09;378
1455;09;380
1456;09;381
1457;09;382
1458;09;384
1459;09;386
1460;09;387
1461;09;388
1462;09;389
1463;09;390
1464;09;391
1465;09;392
1466;09;394
1467;09;395
1468;09;396
1469;09;398
1470;09;400
1471;09;403
1472;09;405
1473;09;406
1474;09;407
1475;09;408
1476;09;409
1477;09;410
1478;09;411
1479;09;412
1480;09;413
1481;09;414
1482;09;415
1483;09;416
1484;09;417
1485;09;418
1486;09;419
1487;09;421
1488;09;422
1489;09;423
1490;09;424
1491;09;425
1492;09;427
1493;09;428
1494;09;429
1495;09;430
1496;09;431
1497;09;432
1498;09;433
1499;09;434
1500;09;437
1501;09;438
1502;09;439
1503;09;440
1504;09;441
1505;09;442
1506;09;443
1507;09;444
1508;09;445
1509;09;446
1510;09;447
1511;09;448
1512;09;449
1513;09;450
1514;09;451
1515;09;454
1516;09;455
1517;09;456
1518;09;458
1519;09;460
1520;09;463
1521;09;464
1522;09;466
1523;09;467
1524;09;471
1525;09;472
1526;09;473
1527;09;476
1528;09;478
1529;09;480
1530;09;482
1531;09;483
1532;09;485
1533;09;901
1534;09;902
1535;09;903
1536;09;904
1537;09;905
1538;09;906
1539;09;907
1540;09;908
1541;10;001
1542;10;002
1543;10;003
1544;10;004
1545;10;005
1546;10;006
1547;10;007
1548;10;008
1549;10;009
1550;10;010
1551;10;011
1552;10;012
1553;10;013
1554;10;014
1555;10;015
1556;10;016
1557;10;017
1558;10;018
1559;10;019
1560;10;020
1561;10;021
1562;10;022
1563;10;023
1564;10;024
1565;10;025
1566;10;026
1567;10;027
1568;10;028
1569;10;029
1570;10;030
1571;10;031
1572;10;032
1573;10;033
1574;10;034
1575;10;035
1576;10;036
1577;10;037
1578;10;038
1579;10;039
1580;10;040
1581;10;041
1582;10;042
1583;10;043
1584;10;044
1585;10;045
1586;10;046
1587;10;047
1588;10;048
1589;10;049
1590;10;050
1591;10;051
1592;10;052
1593;10;053
1594;10;054
1595;10;055
1596;10;056
1597;10;057
1598;10;058
1599;10;059
1600;10;060
1601;10;061
1602;10;062
1603;10;063
1604;10;064
1605;10;065
1606;10;066
1607;10;067
1608;10;068
1609;10;069
1610;10;070
1611;10;071
1612;10;072
1613;10;073
1614;10;075
1615;10;076
1616;10;077
1617;10;078
1618;10;079
1619;10;080
1620;10;081
1621;10;082
1622;10;083
1623;10;084
1624;10;085
1625;10;086
1626;10;087
1627;10;088
1628;10;089
1629;10;090
1630;10;091
1631;10;092
1632;10;093
1633;10;094
1634;10;095
1635;10;096
1636;10;097
1637;10;098
1638;10;099
1639;10;100
1640;10;101
1641;10;102
1642;10;103
1643;10;104
1644;10;105
1645;10;106
1646;10;107
1647;10;108
1648;10;109
1649;10;110
1650;10;111
1651;10;112
1652;10;113
1653;10;114
1654;10;115
1655;10;116
1656;10;117
1657;10;118
1658;10;119
1659;10;120
1660;10;121
1661;10;122
1662;10;123
1663;10;124
1664;10;125
1665;10;126
1666;10;127
1667;10;128
1668;10;129
1669;10;130
1670;10;131
1671;10;132
1672;10;133
1673;10;134
1674;10;135
1675;10;136
1676;10;137
1677;10;138
1678;10;139
1679;10;140
1680;10;141
1681;10;142
1682;10;143
1683;10;144
1684;10;145
1685;10;146
1686;10;147
1687;10;148
1688;10;149
1689;10;150
1690;10;151
1691;10;152
1692;10;153
1693;10;154
1694;10;155
1695;10;156
1696;10;157
1697;10;158
1698;10;159
1699;10;160
1700;10;161
1701;10;162
1702;10;163
1703;10;164
1704;10;165
1705;10;166
1706;10;167
1707;10;168
1708;10;169
1709;10;170
1710;10;171
1711;10;172
1712;10;173
1713;10;174
1714;10;175
1715;10;176
1716;10;177
1717;10;178
1718;10;179
1719;10;180
1720;10;181
1721;10;182
1722;10;183
1723;10;184
1724;10;185
1725;10;186
1726;10;187
1727;10;188
1728;10;189
1729;10;190
1730;10;191
1731;10;192
1732;10;193
1733;10;194
1734;10;195
1735;10;196
1736;10;197
1737;10;198
1738;10;199
1739;10;200
1740;10;201
1741;10;202
1742;10;203
1743;10;204
1744;10;205
1745;10;206
1746;10;207
1747;10;208
1748;10;209
1749;10;210
1750;10;211
1751;10;212
1752;10;213
1753;10;214
1754;10;215
1755;10;216
1756;10;217
1757;10;218
1758;10;219
1759;10;901
1760;11;001
1761;11;002
1762;11;003
1763;11;004
1764;11;005
1765;11;006
1766;11;007
1767;11;008
1768;11;009
1769;11;010
1770;11;011
1771;11;012
1772;11;013
1773;11;014
1774;11;015
1775;11;016
1776;11;017
1777;11;018
1778;11;019
1779;11;020
1780;11;021
1781;11;022
1782;11;023
1783;11;024
1784;11;025
1785;11;026
1786;11;027
1787;11;028
1788;11;029
1789;11;030
1790;11;031
1791;11;032
1792;11;033
1793;11;034
1794;11;035
1795;11;036
1796;11;037
1797;11;038
1798;11;039
1799;11;040
1800;11;041
1801;11;042
1802;11;901
1803;11;902
1804;12;001
1805;12;002
1806;12;003
1807;12;004
1808;12;005
1809;12;006
1810;12;007
1811;12;008
1812;12;009
1813;12;010
1814;12;011
1815;12;012
1816;12;013
1817;12;014
1818;12;015
1819;12;016
1820;12;017
1821;12;018
1822;12;020
1823;12;021
1824;12;022
1825;12;024
1826;12;025
1827;12;026
1828;12;027
1829;12;028
1830;12;029
1831;12;031
1832;12;032
1833;12;033
1834;12;034
1835;12;036
1836;12;037
1837;12;038
1838;12;039
1839;12;040
1840;12;041
1841;12;042
1842;12;043
1843;12;044
1844;12;045
1845;12;046
1846;12;048
1847;12;049
1848;12;050
1849;12;051
1850;12;052
1851;12;053
1852;12;055
1853;12;056
1854;12;057
1855;12;058
1856;12;059
1857;12;060
1858;12;061
1859;12;063
1860;12;064
1861;12;065
1862;12;067
1863;12;068
1864;12;069
1865;12;070
1866;12;071
1867;12;072
1868;12;073
1869;12;074
1870;12;075
1871;12;076
1872;12;077
1873;12;078
1874;12;079
1875;12;080
1876;12;081
1877;12;082
1878;12;083
1879;12;084
1880;12;085
1881;12;087
1882;12;088
1883;12;089
1884;12;090
1885;12;091
1886;12;092
1887;12;093
1888;12;094
1889;12;095
1890;12;096
1891;12;097
1892;12;098
1893;12;099
1894;12;100
1895;12;101
1896;12;102
1897;12;103
1898;12;104
1899;12;105
1900;12;106
1901;12;107
1902;12;108
1903;12;109
1904;12;110
1905;12;111
1906;12;112
1907;12;113
1908;12;114
1909;12;115
1910;12;116
1911;12;117
1912;12;118
1913;12;119
1914;12;120
1915;12;121
1916;12;122
1917;12;123
1918;12;124
1919;12;125
1920;12;126
1921;12;127
1922;12;128
1923;12;129
1924;12;130
1925;12;131
1926;12;132
1927;12;133
1928;12;134
1929;12;135
1930;12;136
1931;12;137
1932;12;138
1933;12;139
1934;12;140
1935;12;141
1936;12;142
1937;12;901
1938;12;902
1939;13;001
1940;13;002
1941;13;003
1942;13;004
1943;13;005
1944;13;006
1945;13;007
1946;13;008
1947;13;009
1948;13;010
1949;13;011
1950;13;012
1951;13;013
1952;13;014
1953;13;015
1954;13;016
1955;13;017
1956;13;018
1957;13;019
1958;13;020
1959;13;021
1960;13;022
1961;13;023
1962;13;024
1963;13;025
1964;13;026
1965;13;027
1966;13;028
1967;13;029
1968;13;030
1969;13;031
1970;13;032
1971;13;033
1972;13;034
1973;13;035
1974;13;036
1975;13;037
1976;13;038
1977;13;039
1978;13;040
1979;13;041
1980;13;042
1981;13;043
1982;13;044
1983;13;045
1984;13;046
1985;13;047
1986;13;048
1987;13;049
1988;13;050
1989;13;051
1990;13;052
1991;13;053
1992;13;054
1993;13;055
1994;13;056
1995;13;057
1996;13;058
1997;13;059
1998;13;060
1999;13;061
2000;13;062
2001;13;063
2002;13;064
2003;13;065
2004;13;066
2005;13;067
2006;13;068
2007;13;069
2008;13;070
2009;13;071
2010;13;072
2011;13;073
2012;13;074
2013;13;075
2014;13;076
2015;13;077
2016;13;078
2017;13;079
2018;13;080
2019;13;081
2020;13;082
2021;13;083
2022;13;084
2023;13;085
2024;13;086
2025;13;087
2026;13;088
2027;13;089
2028;13;090
2029;13;091
2030;13;092
2031;13;093
2032;13;094
2033;13;095
2034;13;096
2035;13;097
2036;13;098
2037;13;901
2038;13;902
2039;13;903
2040;13;904
2041;14;001
2042;14;002
2043;14;003
2044;14;004
2045;14;005
2046;14;006
2047;14;007
2048;14;008
2049;14;009
2050;14;010
2051;14;011
2052;14;012
2053;14;013
2054;14;014
2055;14;015
2056;14;016
2057;14;017
2058;14;018
2059;14;019
2060;14;020
2061;14;021
2062;14;022
2063;14;023
2064;14;024
2065;14;025
2066;14;026
2067;14;027
2068;14;028
2069;14;029
2070;14;030
2071;14;031
2072;14;032
2073;14;033
2074;14;034
2075;14;035
2076;14;036
2077;14;037
2078;14;038
2079;14;039
2080;14;040
2081;14;041
2082;14;042
2083;14;043
2084;14;044
2085;14;045
2086;14;046
2087;14;047
2088;14;048
2089;14;049
2090;14;050
2091;14;051
2092;14;052
2093;14;053
2094;14;054
2095;14;055
2096;14;056
2097;14;057
2098;14;058
2099;14;059
2100;14;060
2101;14;061
2102;14;062
2103;14;063
2104;14;064
2105;14;065
2106;14;066
2107;14;067
2108;14;068
2109;14;069
2110;14;070
2111;14;071
2112;14;072
2113;14;073
2114;14;074
2115;14;075
2116;15;001
2117;15;002
2118;15;003
2119;15;004
2120;15;005
2121;15;006
2122;15;007
2123;15;008
2124;15;009
2125;15;010
2126;15;011
2127;15;012
2128;15;013
2129;15;014
2130;15;015
2131;15;016
2132;15;017
2133;15;018
2134;15;019
2135;15;020
2136;15;021
2137;15;022
2138;15;023
2139;15;024
2140;15;025
2141;15;026
2142;15;027
2143;15;028
2144;15;029
2145;15;030
2146;15;031
2147;15;032
2148;15;033
2149;15;034
2150;15;035
2151;15;036
2152;15;037
2153;15;038
2154;15;039
2155;15;040
2156;15;041
2157;15;042
2158;15;043
2159;15;044
2160;15;045
2161;15;046
2162;15;047
2163;15;048
2164;15;049
2165;15;050
2166;15;051
2167;15;052
2168;15;053
2169;15;054
2170;15;055
2171;15;056
2172;15;057
2173;15;058
2174;15;059
2175;15;060
2176;15;061
2177;15;062
2178;15;063
2179;15;064
2180;15;065
2181;15;066
2182;15;067
2183;15;068
2184;15;069
2185;15;070
2186;15;071
2187;15;072
2188;15;073
2189;15;074
2190;15;075
2191;15;076
2192;15;077
2193;15;078
2194;15;079
2195;15;080
2196;15;081
2197;15;082
2198;15;083
2199;15;084
2200;15;085
2201;15;086
2202;15;087
2203;15;088
2204;15;089
2205;15;090
2206;15;091
2207;15;092
2208;15;093
2209;15;901
2210;16;001
2211;16;002
2212;16;003
2213;16;004
2214;16;005
2215;16;006
2216;16;007
2217;16;008
2218;16;009
2219;16;010
2220;16;011
2221;16;012
2222;16;013
2223;16;014
2224;16;015
2225;16;016
2226;16;017
2227;16;018
2228;16;019
2229;16;020
2230;16;022
2231;16;023
2232;16;024
2233;16;025
2234;16;026
2235;16;027
2236;16;029
2237;16;030
2238;16;031
2239;16;032
2240;16;033
2241;16;034
2242;16;035
2243;16;036
2244;16;038
2245;16;039
2246;16;040
2247;16;041
2248;16;042
2249;16;043
2250;16;044
2251;16;045
2252;16;046
2253;16;047
2254;16;048
2255;16;049
2256;16;050
2257;16;051
2258;16;052
2259;16;053
2260;16;055
2261;16;056
2262;16;057
2263;16;058
2264;16;060
2265;16;061
2266;16;062
2267;16;063
2268;16;064
2269;16;065
2270;16;066
2271;16;067
2272;16;068
2273;16;070
2274;16;071
2275;16;072
2276;16;073
2277;16;074
2278;16;078
2279;16;079
2280;16;081
2281;16;082
2282;16;083
2283;16;084
2284;16;085
2285;16;086
2286;16;087
2287;16;088
2288;16;089
2289;16;091
2290;16;092
2291;16;093
2292;16;094
2293;16;095
2294;16;096
2295;16;097
2296;16;098
2297;16;099
2298;16;100
2299;16;101
2300;16;102
2301;16;103
2302;16;104
2303;16;106
2304;16;107
2305;16;108
2306;16;109
2307;16;110
2308;16;111
2309;16;112
2310;16;113
2311;16;115
2312;16;116
2313;16;117
2314;16;118
2315;16;119
2316;16;121
2317;16;122
2318;16;123
2319;16;124
2320;16;125
2321;16;126
2322;16;128
2323;16;129
2324;16;130
2325;16;131
2326;16;132
2327;16;133
2328;16;134
2329;16;135
2330;16;137
2331;16;139
2332;16;140
2333;16;141
2334;16;142
2335;16;143
2336;16;145
2337;16;146
2338;16;147
2339;16;148
2340;16;149
2341;16;150
2342;16;151
2343;16;152
2344;16;153
2345;16;154
2346;16;155
2347;16;156
2348;16;157
2349;16;158
2350;16;159
2351;16;160
2352;16;161
2353;16;162
2354;16;163
2355;16;165
2356;16;166
2357;16;167
2358;16;169
2359;16;170
2360;16;171
2361;16;172
2362;16;173
2363;16;174
2364;16;175
2365;16;176
2366;16;177
2367;16;181
2368;16;185
2369;16;186
2370;16;187
2371;16;188
2372;16;189
2373;16;190
2374;16;191
2375;16;192
2376;16;193
2377;16;194
2378;16;195
2379;16;196
2380;16;197
2381;16;198
2382;16;199
2383;16;202
2384;16;203
2385;16;204
2386;16;205
2387;16;206
2388;16;209
2389;16;211
2390;16;212
2391;16;213
2392;16;215
2393;16;216
2394;16;217
2395;16;218
2396;16;219
2397;16;224
2398;16;225
2399;16;227
2400;16;228
2401;16;231
2402;16;234
2403;16;236
2404;16;237
2405;16;238
2406;16;239
2407;16;240
2408;16;242
2409;16;243
2410;16;244
2411;16;245
2412;16;246
2413;16;247
2414;16;248
2415;16;249
2416;16;250
2417;16;251
2418;16;253
2419;16;254
2420;16;255
2421;16;258
2422;16;259
2423;16;263
2424;16;264
2425;16;265
2426;16;266
2427;16;269
2428;16;270
2429;16;271
2430;16;272
2431;16;273
2432;16;274
2433;16;275
2434;16;276
2435;16;277
2436;16;278
2437;16;279
2438;16;280
2439;16;901
2440;16;902
2441;16;903
2442;16;904
2443;16;905
2444;16;906
2445;16;908
2446;16;909
2447;16;910
2448;17;001
2449;17;002
2450;17;003
2451;17;004
2452;17;005
2453;17;006
2454;17;007
2455;17;008
2456;17;009
2457;17;010
2458;17;011
2459;17;012
2460;17;013
2461;17;014
2462;17;015
2463;17;016
2464;17;018
2465;17;019
2466;17;020
2467;17;021
2468;17;022
2469;17;023
2470;17;024
2471;17;025
2472;17;026
2473;17;027
2474;17;028
2475;17;029
2476;17;030
2477;17;031
2478;17;032
2479;17;033
2480;17;034
2481;17;035
2482;17;036
2483;17;037
2484;17;038
2485;17;039
2486;17;040
2487;17;041
2488;17;042
2489;17;043
2490;17;044
2491;17;046
2492;17;047
2493;17;048
2494;17;049
2495;17;050
2496;17;051
2497;17;052
2498;17;054
2499;17;055
2500;17;056
2501;17;057
2502;17;058
2503;17;060
2504;17;061
2505;17;062
2506;17;063
2507;17;064
2508;17;065
2509;17;066
2510;17;067
2511;17;068
2512;17;069
2513;17;070
2514;17;071
2515;17;073
2516;17;074
2517;17;075
2518;17;076
2519;17;077
2520;17;078
2521;17;079
2522;17;080
2523;17;081
2524;17;082
2525;17;083
2526;17;084
2527;17;085
2528;17;086
2529;17;087
2530;17;088
2531;17;089
2532;17;090
2533;17;091
2534;17;092
2535;17;093
2536;17;094
2537;17;095
2538;17;096
2539;17;097
2540;17;098
2541;17;099
2542;17;100
2543;17;101
2544;17;102
2545;17;103
2546;17;105
2547;17;106
2548;17;107
2549;17;109
2550;17;110
2551;17;111
2552;17;112
2553;17;114
2554;17;115
2555;17;116
2556;17;117
2557;17;118
2558;17;119
2559;17;120
2560;17;121
2561;17;123
2562;17;124
2563;17;125
2564;17;126
2565;17;128
2566;17;129
2567;17;130
2568;17;132
2569;17;133
2570;17;134
2571;17;135
2572;17;136
2573;17;137
2574;17;138
2575;17;139
2576;17;140
2577;17;141
2578;17;142
2579;17;143
2580;17;144
2581;17;145
2582;17;146
2583;17;147
2584;17;148
2585;17;149
2586;17;150
2587;17;151
2588;17;152
2589;17;153
2590;17;154
2591;17;155
2592;17;157
2593;17;158
2594;17;159
2595;17;160
2596;17;161
2597;17;162
2598;17;163
2599;17;164
2600;17;165
2601;17;166
2602;17;167
2603;17;168
2604;17;169
2605;17;170
2606;17;171
2607;17;172
2608;17;173
2609;17;174
2610;17;175
2611;17;176
2612;17;177
2613;17;178
2614;17;180
2615;17;181
2616;17;182
2617;17;183
2618;17;184
2619;17;185
2620;17;186
2621;17;187
2622;17;188
2623;17;189
2624;17;190
2625;17;191
2626;17;192
2627;17;193
2628;17;194
2629;17;195
2630;17;196
2631;17;197
2632;17;198
2633;17;199
2634;17;200
2635;17;201
2636;17;202
2637;17;203
2638;17;204
2639;17;205
2640;17;206
2641;17;207
2642;17;208
2643;17;209
2644;17;210
2645;17;211
2646;17;212
2647;17;213
2648;17;214
2649;17;215
2650;17;216
2651;17;217
2652;17;218
2653;17;220
2654;17;221
2655;17;222
2656;17;223
2657;17;224
2658;17;225
2659;17;226
2660;17;227
2661;17;228
2662;17;230
2663;17;232
2664;17;233
2665;17;234
2666;17;901
2667;17;902
2668;17;903
2669;18;001
2670;18;002
2671;18;003
2672;18;004
2673;18;005
2674;18;006
2675;18;007
2676;18;010
2677;18;011
2678;18;012
2679;18;013
2680;18;014
2681;18;015
2682;18;016
2683;18;017
2684;18;018
2685;18;020
2686;18;021
2687;18;022
2688;18;023
2689;18;024
2690;18;025
2691;18;027
2692;18;028
2693;18;029
2694;18;030
2695;18;032
2696;18;033
2697;18;034
2698;18;035
2699;18;036
2700;18;037
2701;18;038
2702;18;039
2703;18;040
2704;18;042
2705;18;043
2706;18;044
2707;18;045
2708;18;046
2709;18;047
2710;18;048
2711;18;049
2712;18;050
2713;18;051
2714;18;053
2715;18;054
2716;18;056
2717;18;057
2718;18;059
2719;18;061
2720;18;062
2721;18;063
2722;18;064
2723;18;066
2724;18;067
2725;18;068
2726;18;069
2727;18;070
2728;18;071
2729;18;072
2730;18;074
2731;18;076
2732;18;078
2733;18;079
2734;18;082
2735;18;083
2736;18;084
2737;18;085
2738;18;086
2739;18;087
2740;18;088
2741;18;089
2742;18;093
2743;18;094
2744;18;095
2745;18;096
2746;18;097
2747;18;098
2748;18;099
2749;18;100
2750;18;101
2751;18;102
2752;18;103
2753;18;105
2754;18;107
2755;18;108
2756;18;109
2757;18;111
2758;18;112
2759;18;114
2760;18;115
2761;18;116
2762;18;117
2763;18;119
2764;18;120
2765;18;121
2766;18;122
2767;18;123
2768;18;124
2769;18;126
2770;18;127
2771;18;128
2772;18;132
2773;18;133
2774;18;134
2775;18;135
2776;18;136
2777;18;137
2778;18;138
2779;18;140
2780;18;141
2781;18;143
2782;18;144
2783;18;145
2784;18;146
2785;18;147
2786;18;148
2787;18;149
2788;18;150
2789;18;151
2790;18;152
2791;18;153
2792;18;154
2793;18;157
2794;18;158
2795;18;159
2796;18;161
2797;18;162
2798;18;163
2799;18;164
2800;18;165
2801;18;167
2802;18;168
2803;18;170
2804;18;171
2805;18;173
2806;18;174
2807;18;175
2808;18;176
2809;18;177
2810;18;178
2811;18;179
2812;18;180
2813;18;181
2814;18;182
2815;18;183
2816;18;184
2817;18;185
2818;18;187
2819;18;188
2820;18;189
2821;18;192
2822;18;193
2823;18;194
2824;18;901
2825;18;902
2826;18;903
2827;18;904
2828;18;905
2829;18;906
2830;18;907
2831;18;908
2832;18;909
2833;18;910
2834;18;911
2835;18;912
2836;18;913
2837;19;001
2838;19;002
2839;19;003
2840;19;004
2841;19;005
2842;19;006
2843;19;007
2844;19;008
2845;19;009
2846;19;010
2847;19;011
2848;19;013
2849;19;015
2850;19;016
2851;19;017
2852;19;018
2853;19;019
2854;19;020
2855;19;021
2856;19;022
2857;19;023
2858;19;024
2859;19;027
2860;19;031
2861;19;032
2862;19;033
2863;19;034
2864;19;036
2865;19;037
2866;19;038
2867;19;039
2868;19;040
2869;19;041
2870;19;042
2871;19;043
2872;19;044
2873;19;045
2874;19;046
2875;19;047
2876;19;048
2877;19;049
2878;19;050
2879;19;051
2880;19;052
2881;19;053
2882;19;054
2883;19;055
2884;19;057
2885;19;058
2886;19;059
2887;19;060
2888;19;061
2889;19;064
2890;19;065
2891;19;066
2892;19;067
2893;19;070
2894;19;071
2895;19;073
2896;19;074
2897;19;075
2898;19;076
2899;19;078
2900;19;079
2901;19;080
2902;19;081
2903;19;082
2904;19;086
2905;19;087
2906;19;088
2907;19;089
2908;19;090
2909;19;091
2910;19;092
2911;19;095
2912;19;096
2913;19;097
2914;19;098
2915;19;099
2916;19;102
2917;19;103
2918;19;104
2919;19;105
2920;19;106
2921;19;107
2922;19;108
2923;19;109
2924;19;110
2925;19;111
2926;19;112
2927;19;113
2928;19;114
2929;19;115
2930;19;116
2931;19;117
2932;19;118
2933;19;119
2934;19;120
2935;19;121
2936;19;122
2937;19;123
2938;19;124
2939;19;125
2940;19;126
2941;19;127
2942;19;129
2943;19;130
2944;19;132
2945;19;133
2946;19;134
2947;19;135
2948;19;136
2949;19;138
2950;19;139
2951;19;142
2952;19;143
2953;19;145
2954;19;146
2955;19;147
2956;19;148
2957;19;150
2958;19;151
2959;19;152
2960;19;153
2961;19;154
2962;19;155
2963;19;156
2964;19;157
2965;19;159
2966;19;160
2967;19;161
2968;19;162
2969;19;163
2970;19;165
2971;19;166
2972;19;167
2973;19;168
2974;19;169
2975;19;170
2976;19;171
2977;19;172
2978;19;173
2979;19;174
2980;19;175
2981;19;176
2982;19;177
2983;19;178
2984;19;179
2985;19;181
2986;19;182
2987;19;183
2988;19;184
2989;19;185
2990;19;186
2991;19;187
2992;19;188
2993;19;189
2994;19;190
2995;19;191
2996;19;192
2997;19;193
2998;19;194
2999;19;195
3000;19;196
3001;19;197
3002;19;198
3003;19;199
3004;19;200
3005;19;201
3006;19;202
3007;19;203
3008;19;204
3009;19;208
3010;19;209
3011;19;210
3012;19;211
3013;19;212
3014;19;213
3015;19;214
3016;19;215
3017;19;216
3018;19;217
3019;19;218
3020;19;219
3021;19;220
3022;19;221
3023;19;222
3024;19;223
3025;19;224
3026;19;225
3027;19;226
3028;19;227
3029;19;228
3030;19;229
3031;19;230
3032;19;231
3033;19;232
3034;19;233
3035;19;234
3036;19;235
3037;19;237
3038;19;238
3039;19;239
3040;19;240
3041;19;241
3042;19;242
3043;19;243
3044;19;244
3045;19;245
3046;19;246
3047;19;247
3048;19;248
3049;19;249
3050;19;250
3051;19;251
3052;19;252
3053;19;254
3054;19;255
3055;19;256
3056;19;257
3057;19;258
3058;19;259
3059;19;260
3060;19;261
3061;19;262
3062;19;263
3063;19;264
3064;19;265
3065;19;266
3066;19;267
3067;19;268
3068;19;269
3069;19;270
3070;19;271
3071;19;272
3072;19;274
3073;19;277
3074;19;278
3075;19;279
3076;19;280
3077;19;281
3078;19;282
3079;19;283
3080;19;284
3081;19;285
3082;19;286
3083;19;287
3084;19;288
3085;19;289
3086;19;290
3087;19;291
3088;19;293
3089;19;294
3090;19;296
3091;19;297
3092;19;298
3093;19;299
3094;19;300
3095;19;301
3096;19;302
3097;19;303
3098;19;304
3099;19;305
3100;19;306
3101;19;307
3102;19;308
3103;19;309
3104;19;310
3105;19;311
3106;19;314
3107;19;317
3108;19;318
3109;19;319
3110;19;321
3111;19;322
3112;19;323
3113;19;324
3114;19;325
3115;19;326
3116;19;327
3117;19;329
3118;19;330
3119;19;331
3120;19;332
3121;19;333
3122;19;334
3123;19;335
3124;19;901
3125;20;001
3126;20;002
3127;20;003
3128;20;004
3129;20;005
3130;20;006
3131;20;007
3132;20;008
3133;20;009
3134;20;010
3135;20;011
3136;20;012
3137;20;013
3138;20;014
3139;20;015
3140;20;016
3141;20;017
3142;20;018
3143;20;019
3144;20;020
3145;20;021
3146;20;022
3147;20;023
3148;20;024
3149;20;025
3150;20;026
3151;20;027
3152;20;028
3153;20;029
3154;20;030
3155;20;031
3156;20;032
3157;20;033
3158;20;034
3159;20;035
3160;20;036
3161;20;037
3162;20;038
3163;20;039
3164;20;040
3165;20;041
3166;20;042
3167;20;043
3168;20;044
3169;20;045
3170;20;046
3171;20;047
3172;20;048
3173;20;049
3174;20;050
3175;20;051
3176;20;052
3177;20;053
3178;20;054
3179;20;055
3180;20;056
3181;20;057
3182;20;058
3183;20;059
3184;20;060
3185;20;061
3186;20;062
3187;20;063
3188;20;064
3189;20;065
3190;20;066
3191;20;067
3192;20;068
3193;20;069
3194;20;070
3195;20;071
3196;20;072
3197;20;073
3198;20;074
3199;20;075
3200;20;076
3201;20;077
3202;20;078
3203;20;079
3204;20;080
3205;20;081
3206;20;901
3207;20;902
3208;20;903
3209;20;904
3210;20;905
3211;20;906
3212;20;907
3213;21;001
3214;21;002
3215;21;003
3216;21;004
3217;21;005
3218;21;006
3219;21;007
3220;21;008
3221;21;009
3222;21;010
3223;21;011
3224;21;012
3225;21;013
3226;21;014
3227;21;015
3228;21;016
3229;21;017
3230;21;018
3231;21;019
3232;21;020
3233;21;021
3234;21;022
3235;21;023
3236;21;024
3237;21;025
3238;21;026
3239;21;027
3240;21;028
3241;21;029
3242;21;030
3243;21;031
3244;21;032
3245;21;033
3246;21;034
3247;21;035
3248;21;036
3249;21;037
3250;21;038
3251;21;039
3252;21;040
3253;21;041
3254;21;042
3255;21;043
3256;21;044
3257;21;045
3258;21;046
3259;21;047
3260;21;048
3261;21;049
3262;21;050
3263;21;051
3264;21;052
3265;21;053
3266;21;054
3267;21;055
3268;21;056
3269;21;057
3270;21;058
3271;21;059
3272;21;060
3273;21;061
3274;21;062
3275;21;063
3276;21;064
3277;21;065
3278;21;066
3279;21;067
3280;21;068
3281;21;069
3282;21;070
3283;21;071
3284;21;072
3285;21;073
3286;21;074
3287;21;075
3288;21;076
3289;21;077
3290;21;078
3291;21;079
3292;22;001
3293;22;002
3294;22;003
3295;22;004
3296;22;006
3297;22;007
3298;22;008
3299;22;009
3300;22;011
3301;22;012
3302;22;013
3303;22;014
3304;22;015
3305;22;016
3306;22;017
3307;22;018
3308;22;019
3309;22;020
3310;22;021
3311;22;022
3312;22;023
3313;22;024
3314;22;025
3315;22;027
3316;22;028
3317;22;029
3318;22;032
3319;22;035
3320;22;036
3321;22;037
3322;22;039
3323;22;040
3324;22;041
3325;22;042
3326;22;043
3327;22;044
3328;22;045
3329;22;046
3330;22;047
3331;22;048
3332;22;049
3333;22;050
3334;22;051
3335;22;052
3336;22;053
3337;22;054
3338;22;055
3339;22;057
3340;22;058
3341;22;059
3342;22;060
3343;22;061
3344;22;062
3345;22;063
3346;22;064
3347;22;066
3348;22;067
3349;22;068
3350;22;069
3351;22;072
3352;22;074
3353;22;075
3354;22;076
3355;22;077
3356;22;078
3357;22;079
3358;22;080
3359;22;081
3360;22;082
3361;22;083
3362;22;084
3363;22;085
3364;22;086
3365;22;087
3366;22;088
3367;22;089
3368;22;090
3369;22;094
3370;22;095
3371;22;096
3372;22;099
3373;22;102
3374;22;103
3375;22;105
3376;22;106
3377;22;107
3378;22;109
3379;22;110
3380;22;111
3381;22;112
3382;22;113
3383;22;114
3384;22;115
3385;22;116
3386;22;117
3387;22;119
3388;22;122
3389;22;124
3390;22;125
3391;22;126
3392;22;127
3393;22;128
3394;22;129
3395;22;130
3396;22;131
3397;22;133
3398;22;135
3399;22;136
3400;22;137
3401;22;139
3402;22;141
3403;22;142
3404;22;143
3405;22;144
3406;22;149
3407;22;150
3408;22;151
3409;22;155
3410;22;156
3411;22;157
3412;22;158
3413;22;160
3414;22;162
3415;22;163
3416;22;164
3417;22;165
3418;22;167
3419;22;168
3420;22;170
3421;22;172
3422;22;173
3423;22;174
3424;22;175
3425;22;176
3426;22;177
3427;22;178
3428;22;181
3429;22;182
3430;22;184
3431;22;186
3432;22;187
3433;22;188
3434;22;189
3435;22;190
3436;22;193
3437;22;195
3438;22;197
3439;22;199
3440;22;200
3441;22;201
3442;22;202
3443;22;203
3444;22;204
3445;22;205
3446;22;206
3447;22;207
3448;22;208
3449;22;209
3450;22;212
3451;22;213
3452;22;214
3453;22;215
3454;22;217
3455;22;218
3456;22;220
3457;22;221
3458;22;222
3459;22;223
3460;22;225
3461;22;226
3462;22;227
3463;22;228
3464;22;229
3465;22;230
3466;22;232
3467;22;233
3468;22;234
3469;22;235
3470;22;236
3471;22;239
3472;22;242
3473;22;243
3474;22;244
3475;22;245
3476;22;246
3477;22;247
3478;22;248
3479;22;249
3480;22;250
3481;22;251
3482;22;252
3483;22;253
3484;22;254
3485;22;901
3486;22;902
3487;22;903
3488;22;904
3489;22;905
3490;22;906
3491;22;907
3492;22;908
3493;22;909
3494;23;001
3495;23;002
3496;23;003
3497;23;004
3498;23;005
3499;23;006
3500;23;007
3501;23;008
3502;23;009
3503;23;010
3504;23;011
3505;23;012
3506;23;014
3507;23;015
3508;23;016
3509;23;017
3510;23;018
3511;23;019
3512;23;020
3513;23;021
3514;23;024
3515;23;025
3516;23;026
3517;23;027
3518;23;028
3519;23;029
3520;23;030
3521;23;031
3522;23;032
3523;23;033
3524;23;034
3525;23;035
3526;23;037
3527;23;038
3528;23;039
3529;23;040
3530;23;041
3531;23;042
3532;23;043
3533;23;044
3534;23;045
3535;23;046
3536;23;047
3537;23;048
3538;23;049
3539;23;050
3540;23;051
3541;23;052
3542;23;053
3543;23;054
3544;23;055
3545;23;056
3546;23;057
3547;23;058
3548;23;059
3549;23;060
3550;23;061
3551;23;062
3552;23;063
3553;23;064
3554;23;065
3555;23;066
3556;23;067
3557;23;069
3558;23;070
3559;23;071
3560;23;072
3561;23;073
3562;23;074
3563;23;075
3564;23;076
3565;23;077
3566;23;079
3567;23;080
3568;23;081
3569;23;082
3570;23;084
3571;23;085
3572;23;086
3573;23;087
3574;23;088
3575;23;090
3576;23;091
3577;23;092
3578;23;093
3579;23;094
3580;23;095
3581;23;096
3582;23;097
3583;23;098
3584;23;099
3585;23;101
3586;23;901
3587;23;902
3588;23;903
3589;23;904
3590;24;001
3591;24;002
3592;24;003
3593;24;004
3594;24;005
3595;24;006
3596;24;007
3597;24;008
3598;24;009
3599;24;010
3600;24;011
3601;24;012
3602;24;014
3603;24;015
3604;24;016
3605;24;017
3606;24;018
3607;24;019
3608;24;020
3609;24;021
3610;24;022
3611;24;023
3612;24;024
3613;24;025
3614;24;026
3615;24;027
3616;24;028
3617;24;029
3618;24;030
3619;24;031
3620;24;032
3621;24;033
3622;24;034
3623;24;036
3624;24;037
3625;24;038
3626;24;039
3627;24;040
3628;24;041
3629;24;042
3630;24;043
3631;24;044
3632;24;046
3633;24;047
3634;24;049
3635;24;050
3636;24;051
3637;24;052
3638;24;053
3639;24;054
3640;24;055
3641;24;056
3642;24;057
3643;24;058
3644;24;059
3645;24;060
3646;24;061
3647;24;062
3648;24;063
3649;24;064
3650;24;065
3651;24;066
3652;24;067
3653;24;068
3654;24;069
3655;24;070
3656;24;071
3657;24;073
3658;24;074
3659;24;076
3660;24;077
3661;24;078
3662;24;079
3663;24;080
3664;24;081
3665;24;082
3666;24;083
3667;24;084
3668;24;086
3669;24;087
3670;24;088
3671;24;089
3672;24;090
3673;24;091
3674;24;092
3675;24;093
3676;24;094
3677;24;095
3678;24;096
3679;24;097
3680;24;098
3681;24;099
3682;24;100
3683;24;101
3684;24;102
3685;24;103
3686;24;104
3687;24;105
3688;24;106
3689;24;107
3690;24;108
3691;24;109
3692;24;110
3693;24;112
3694;24;113
3695;24;114
3696;24;115
3697;24;116
3698;24;117
3699;24;118
3700;24;119
3701;24;120
3702;24;121
3703;24;122
3704;24;123
3705;24;124
3706;24;125
3707;24;127
3708;24;129
3709;24;130
3710;24;131
3711;24;132
3712;24;133
3713;24;134
3714;24;136
3715;24;137
3716;24;139
3717;24;141
3718;24;142
3719;24;143
3720;24;144
3721;24;145
3722;24;146
3723;24;148
3724;24;149
3725;24;150
3726;24;151
3727;24;152
3728;24;153
3729;24;154
3730;24;155
3731;24;156
3732;24;157
3733;24;158
3734;24;159
3735;24;160
3736;24;161
3737;24;162
3738;24;163
3739;24;164
3740;24;165
3741;24;166
3742;24;167
3743;24;168
3744;24;169
3745;24;170
3746;24;171
3747;24;172
3748;24;173
3749;24;174
3750;24;175
3751;24;176
3752;24;177
3753;24;178
3754;24;179
3755;24;180
3756;24;181
3757;24;182
3758;24;183
3759;24;184
3760;24;185
3761;24;187
3762;24;188
3763;24;189
3764;24;190
3765;24;191
3766;24;193
3767;24;194
3768;24;196
3769;24;197
3770;24;198
3771;24;199
3772;24;201
3773;24;202
3774;24;203
3775;24;205
3776;24;206
3777;24;207
3778;24;209
3779;24;210
3780;24;211
3781;24;212
3782;24;213
3783;24;214
3784;24;215
3785;24;216
3786;24;217
3787;24;218
3788;24;219
3789;24;221
3790;24;222
3791;24;223
3792;24;224
3793;24;225
3794;24;226
3795;24;227
3796;24;228
3797;24;229
3798;24;230
3799;24;901
3800;24;902
3801;25;001
3802;25;002
3803;25;003
3804;25;004
3805;25;005
3806;25;006
3807;25;007
3808;25;008
3809;25;009
3810;25;010
3811;25;011
3812;25;012
3813;25;013
3814;25;014
3815;25;015
3816;25;016
3817;25;017
3818;25;019
3819;25;020
3820;25;021
3821;25;022
3822;25;023
3823;25;024
3824;25;025
3825;25;027
3826;25;029
3827;25;030
3828;25;031
3829;25;032
3830;25;033
3831;25;034
3832;25;035
3833;25;036
3834;25;037
3835;25;038
3836;25;039
3837;25;040
3838;25;041
3839;25;042
3840;25;043
3841;25;044
3842;25;045
3843;25;046
3844;25;047
3845;25;048
3846;25;049
3847;25;050
3848;25;051
3849;25;052
3850;25;053
3851;25;055
3852;25;056
3853;25;057
3854;25;058
3855;25;059
3856;25;060
3857;25;061
3858;25;062
3859;25;063
3860;25;064
3861;25;067
3862;25;068
3863;25;069
3864;25;070
3865;25;071
3866;25;072
3867;25;073
3868;25;074
3869;25;075
3870;25;076
3871;25;077
3872;25;078
3873;25;079
3874;25;081
3875;25;082
3876;25;085
3877;25;086
3878;25;087
3879;25;088
3880;25;089
3881;25;092
3882;25;093
3883;25;094
3884;25;096
3885;25;097
3886;25;098
3887;25;099
3888;25;100
3889;25;101
3890;25;102
3891;25;103
3892;25;104
3893;25;105
3894;25;109
3895;25;110
3896;25;111
3897;25;112
3898;25;113
3899;25;114
3900;25;115
3901;25;118
3902;25;119
3903;25;120
3904;25;121
3905;25;122
3906;25;123
3907;25;124
3908;25;125
3909;25;126
3910;25;127
3911;25;128
3912;25;129
3913;25;130
3914;25;131
3915;25;132
3916;25;133
3917;25;134
3918;25;135
3919;25;136
3920;25;137
3921;25;138
3922;25;139
3923;25;140
3924;25;141
3925;25;142
3926;25;143
3927;25;145
3928;25;146
3929;25;148
3930;25;149
3931;25;150
3932;25;151
3933;25;152
3934;25;153
3935;25;154
3936;25;155
3937;25;156
3938;25;157
3939;25;158
3940;25;161
3941;25;163
3942;25;164
3943;25;165
3944;25;166
3945;25;167
3946;25;168
3947;25;169
3948;25;170
3949;25;171
3950;25;172
3951;25;173
3952;25;174
3953;25;175
3954;25;176
3955;25;177
3956;25;179
3957;25;180
3958;25;181
3959;25;182
3960;25;183
3961;25;185
3962;25;186
3963;25;189
3964;25;190
3965;25;191
3966;25;192
3967;25;193
3968;25;194
3969;25;196
3970;25;197
3971;25;200
3972;25;201
3973;25;202
3974;25;203
3975;25;204
3976;25;205
3977;25;206
3978;25;207
3979;25;208
3980;25;209
3981;25;210
3982;25;211
3983;25;212
3984;25;215
3985;25;216
3986;25;217
3987;25;218
3988;25;219
3989;25;220
3990;25;221
3991;25;222
3992;25;223
3993;25;224
3994;25;225
3995;25;226
3996;25;227
3997;25;228
3998;25;230
3999;25;231
4000;25;232
4001;25;233
4002;25;234
4003;25;238
4004;25;239
4005;25;240
4006;25;242
4007;25;243
4008;25;244
4009;25;245
4010;25;247
4011;25;248
4012;25;249
4013;25;250
4014;25;251
4015;25;252
4016;25;253
4017;25;254
4018;25;255
4019;25;901
4020;25;902
4021;25;903
4022;25;904
4023;25;905
4024;25;906
4025;25;907
4026;25;908
4027;25;909
4028;25;910
4029;25;911
4030;25;912
4031;25;913
4032;26;001
4033;26;002
4034;26;003
4035;26;004
4036;26;005
4037;26;006
4038;26;007
4039;26;008
4040;26;009
4041;26;010
4042;26;011
4043;26;012
4044;26;013
4045;26;014
4046;26;015
4047;26;016
4048;26;017
4049;26;018
4050;26;019
4051;26;020
4052;26;021
4053;26;022
4054;26;023
4055;26;024
4056;26;025
4057;26;026
4058;26;027
4059;26;028
4060;26;029
4061;26;030
4062;26;031
4063;26;032
4064;26;033
4065;26;034
4066;26;035
4067;26;036
4068;26;037
4069;26;038
4070;26;039
4071;26;040
4072;26;041
4073;26;042
4074;26;043
4075;26;044
4076;26;045
4077;26;046
4078;26;047
4079;26;048
4080;26;049
4081;26;050
4082;26;051
4083;26;052
4084;26;053
4085;26;054
4086;26;055
4087;26;056
4088;26;057
4089;26;058
4090;26;059
4091;26;060
4092;26;061
4093;26;062
4094;26;063
4095;26;064
4096;26;065
4097;26;066
4098;26;067
4099;26;068
4100;26;069
4101;26;070
4102;26;071
4103;26;072
4104;26;073
4105;26;074
4106;26;075
4107;26;076
4108;26;077
4109;26;078
4110;26;079
4111;26;080
4112;26;081
4113;26;082
4114;26;083
4115;26;084
4116;26;086
4117;26;087
4118;26;088
4119;26;089
4120;26;091
4121;26;092
4122;26;093
4123;26;094
4124;26;095
4125;26;096
4126;26;098
4127;26;099
4128;26;100
4129;26;101
4130;26;102
4131;26;103
4132;26;104
4133;26;105
4134;26;106
4135;26;107
4136;26;108
4137;26;109
4138;26;110
4139;26;111
4140;26;112
4141;26;113
4142;26;114
4143;26;115
4144;26;117
4145;26;118
4146;26;119
4147;26;120
4148;26;121
4149;26;122
4150;26;123
4151;26;124
4152;26;125
4153;26;126
4154;26;127
4155;26;128
4156;26;129
4157;26;130
4158;26;131
4159;26;132
4160;26;134
4161;26;135
4162;26;136
4163;26;138
4164;26;139
4165;26;140
4166;26;141
4167;26;142
4168;26;143
4169;26;144
4170;26;145
4171;26;146
4172;26;147
4173;26;148
4174;26;149
4175;26;150
4176;26;151
4177;26;152
4178;26;153
4179;26;154
4180;26;155
4181;26;157
4182;26;158
4183;26;160
4184;26;161
4185;26;162
4186;26;163
4187;26;164
4188;26;165
4189;26;166
4190;26;167
4191;26;168
4192;26;169
4193;26;170
4194;26;171
4195;26;172
4196;26;173
4197;26;174
4198;26;175
4199;26;176
4200;26;177
4201;26;178
4202;26;179
4203;26;180
4204;26;181
4205;26;183
4206;27;001
4207;27;002
4208;27;003
4209;27;004
4210;27;005
4211;27;006
4212;27;007
4213;27;008
4214;27;009
4215;27;010
4216;27;011
4217;27;012
4218;27;013
4219;27;014
4220;27;015
4221;27;016
4222;27;017
4223;27;018
4224;27;019
4225;27;020
4226;27;021
4227;27;022
4228;27;023
4229;27;024
4230;27;025
4231;27;026
4232;27;027
4233;27;028
4234;27;029
4235;27;030
4236;27;031
4237;27;032
4238;27;033
4239;27;034
4240;27;035
4241;27;037
4242;27;038
4243;27;039
4244;27;040
4245;27;041
4246;27;042
4247;27;043
4248;27;044
4249;27;045
4250;27;046
4251;27;047
4252;27;048
4253;27;049
4254;27;050
4255;27;051
4256;27;052
4257;27;053
4258;27;054
4259;27;055
4260;27;056
4261;27;057
4262;27;058
4263;27;059
4264;27;060
4265;27;061
4266;27;062
4267;27;063
4268;27;064
4269;27;065
4270;27;066
4271;27;901
4272;27;902
4273;28;001
4274;28;002
4275;28;003
4276;28;004
4277;28;005
4278;28;006
4279;28;007
4280;28;008
4281;28;009
4282;28;010
4283;28;011
4284;28;012
4285;28;013
4286;28;014
4287;28;015
4288;28;016
4289;28;017
4290;28;018
4291;28;019
4292;28;020
4293;28;021
4294;28;022
4295;28;023
4296;28;024
4297;28;025
4298;28;026
4299;28;027
4300;28;028
4301;28;029
4302;28;030
4303;28;031
4304;28;032
4305;28;033
4306;28;034
4307;28;035
4308;28;036
4309;28;037
4310;28;038
4311;28;039
4312;28;040
4313;28;041
4314;28;042
4315;28;043
4316;28;044
4317;28;045
4318;28;046
4319;28;047
4320;28;048
4321;28;049
4322;28;050
4323;28;051
4324;28;052
4325;28;053
4326;28;054
4327;28;055
4328;28;056
4329;28;057
4330;28;058
4331;28;059
4332;28;060
4333;28;061
4334;28;062
4335;28;063
4336;28;064
4337;28;065
4338;28;066
4339;28;067
4340;28;068
4341;28;069
4342;28;070
4343;28;071
4344;28;072
4345;28;073
4346;28;074
4347;28;075
4348;28;076
4349;28;078
4350;28;079
4351;28;080
4352;28;082
4353;28;083
4354;28;084
4355;28;085
4356;28;086
4357;28;087
4358;28;088
4359;28;089
4360;28;090
4361;28;091
4362;28;092
4363;28;093
4364;28;094
4365;28;095
4366;28;096
4367;28;097
4368;28;099
4369;28;100
4370;28;101
4371;28;102
4372;28;104
4373;28;106
4374;28;107
4375;28;108
4376;28;109
4377;28;110
4378;28;111
4379;28;112
4380;28;113
4381;28;114
4382;28;115
4383;28;116
4384;28;117
4385;28;118
4386;28;119
4387;28;120
4388;28;121
4389;28;122
4390;28;123
4391;28;124
4392;28;125
4393;28;126
4394;28;127
4395;28;128
4396;28;129
4397;28;130
4398;28;131
4399;28;132
4400;28;133
4401;28;134
4402;28;135
4403;28;136
4404;28;137
4405;28;138
4406;28;140
4407;28;141
4408;28;143
4409;28;144
4410;28;145
4411;28;146
4412;28;147
4413;28;148
4414;28;149
4415;28;150
4416;28;151
4417;28;152
4418;28;153
4419;28;154
4420;28;155
4421;28;156
4422;28;157
4423;28;158
4424;28;159
4425;28;160
4426;28;161
4427;28;162
4428;28;163
4429;28;164
4430;28;165
4431;28;166
4432;28;167
4433;28;168
4434;28;169
4435;28;170
4436;28;171
4437;28;172
4438;28;173
4439;28;174
4440;28;175
4441;28;176
4442;28;177
4443;28;178
4444;28;179
4445;28;180
4446;28;181
4447;28;182
4448;28;183
4449;28;901
4450;28;902
4451;28;903
4452;29;001
4453;29;002
4454;29;003
4455;29;004
4456;29;005
4457;29;006
4458;29;007
4459;29;008
4460;29;009
4461;29;010
4462;29;011
4463;29;012
4464;29;013
4465;29;014
4466;29;015
4467;29;016
4468;29;017
4469;29;018
4470;29;019
4471;29;020
4472;29;021
4473;29;022
4474;29;023
4475;29;024
4476;29;025
4477;29;026
4478;29;027
4479;29;028
4480;29;029
4481;29;030
4482;29;031
4483;29;032
4484;29;033
4485;29;034
4486;29;035
4487;29;036
4488;29;037
4489;29;038
4490;29;039
4491;29;040
4492;29;041
4493;29;042
4494;29;043
4495;29;044
4496;29;045
4497;29;046
4498;29;047
4499;29;048
4500;29;049
4501;29;050
4502;29;051
4503;29;052
4504;29;053
4505;29;054
4506;29;055
4507;29;056
4508;29;057
4509;29;058
4510;29;059
4511;29;060
4512;29;061
4513;29;062
4514;29;063
4515;29;064
4516;29;065
4517;29;066
4518;29;067
4519;29;068
4520;29;069
4521;29;070
4522;29;071
4523;29;072
4524;29;073
4525;29;074
4526;29;075
4527;29;076
4528;29;077
4529;29;079
4530;29;080
4531;29;081
4532;29;082
4533;29;083
4534;29;084
4535;29;085
4536;29;086
4537;29;087
4538;29;088
4539;29;089
4540;29;090
4541;29;091
4542;29;092
4543;29;093
4544;29;094
4545;29;095
4546;29;096
4547;29;097
4548;29;098
4549;29;099
4550;29;100
4551;29;901
4552;30;001
4553;30;002
4554;30;003
4555;30;004
4556;30;005
4557;30;006
4558;30;007
4559;30;008
4560;30;009
4561;30;010
4562;30;011
4563;30;012
4564;30;013
4565;30;014
4566;30;015
4567;30;016
4568;30;017
4569;30;018
4570;30;019
4571;30;020
4572;30;021
4573;30;022
4574;30;023
4575;30;024
4576;30;025
4577;30;026
4578;30;027
4579;30;028
4580;30;029
4581;30;030
4582;30;031
4583;30;032
4584;30;033
4585;30;034
4586;30;035
4587;30;036
4588;30;037
4589;30;038
4590;30;039
4591;30;040
4592;30;041
4593;30;042
4594;30;043
4595;30;901
4596;30;902
4597;31;001
4598;31;002
4599;31;003
4600;31;004
4601;31;005
4602;31;006
4603;31;007
4604;31;008
4605;31;009
4606;31;010
4607;31;011
4608;31;012
4609;31;013
4610;31;014
4611;31;015
4612;31;016
4613;31;017
4614;31;018
4615;31;019
4616;31;020
4617;31;021
4618;31;022
4619;31;023
4620;31;024
4621;31;025
4622;31;026
4623;31;027
4624;31;028
4625;31;029
4626;31;030
4627;31;031
4628;31;032
4629;31;033
4630;31;034
4631;31;035
4632;31;036
4633;31;037
4634;31;038
4635;31;039
4636;31;040
4637;31;041
4638;31;042
4639;31;043
4640;31;044
4641;31;045
4642;31;046
4643;31;047
4644;31;048
4645;31;049
4646;31;050
4647;31;051
4648;31;052
4649;31;053
4650;31;054
4651;31;055
4652;31;056
4653;31;057
4654;31;058
4655;31;059
4656;31;060
4657;31;061
4658;31;062
4659;31;063
4660;31;064
4661;31;065
4662;31;066
4663;31;067
4664;31;068
4665;31;069
4666;31;070
4667;31;071
4668;31;072
4669;31;073
4670;31;074
4671;31;075
4672;31;076
4673;31;077
4674;31;078
4675;31;079
4676;31;080
4677;31;081
4678;31;082
4679;31;083
4680;31;084
4681;31;085
4682;31;086
4683;31;087
4684;31;088
4685;31;089
4686;31;090
4687;31;091
4688;31;092
4689;31;093
4690;31;094
4691;31;095
4692;31;096
4693;31;097
4694;31;098
4695;31;099
4696;31;100
4697;31;101
4698;31;102
4699;31;103
4700;31;104
4701;31;105
4702;31;106
4703;31;107
4704;31;108
4705;31;109
4706;31;110
4707;31;111
4708;31;112
4709;31;113
4710;31;114
4711;31;115
4712;31;116
4713;31;117
4714;31;118
4715;31;119
4716;31;120
4717;31;121
4718;31;122
4719;31;123
4720;31;124
4721;31;125
4722;31;126
4723;31;127
4724;31;128
4725;31;129
4726;31;130
4727;31;131
4728;31;132
4729;31;133
4730;31;134
4731;31;135
4732;31;136
4733;31;137
4734;31;138
4735;31;139
4736;31;140
4737;31;141
4738;31;142
4739;31;143
4740;31;144
4741;31;145
4742;31;146
4743;31;147
4744;31;148
4745;31;149
4746;31;150
4747;31;151
4748;31;152
4749;31;153
4750;31;154
4751;31;155
4752;31;156
4753;31;157
4754;31;158
4755;31;159
4756;31;160
4757;31;161
4758;31;162
4759;31;163
4760;31;164
4761;31;165
4762;31;166
4763;31;167
4764;31;168
4765;31;169
4766;31;170
4767;31;171
4768;31;172
4769;31;173
4770;31;174
4771;31;175
4772;31;176
4773;31;177
4774;31;178
4775;31;179
4776;31;180
4777;31;181
4778;31;182
4779;31;183
4780;31;184
4781;31;185
4782;31;186
4783;31;187
4784;31;188
4785;31;189
4786;31;190
4787;31;191
4788;31;192
4789;31;193
4790;31;194
4791;31;195
4792;31;196
4793;31;197
4794;31;198
4795;31;199
4796;31;200
4797;31;201
4798;31;202
4799;31;203
4800;31;204
4801;31;205
4802;31;206
4803;31;207
4804;31;208
4805;31;209
4806;31;210
4807;31;211
4808;31;212
4809;31;213
4810;31;214
4811;31;215
4812;31;216
4813;31;217
4814;31;219
4815;31;220
4816;31;221
4817;31;222
4818;31;223
4819;31;224
4820;31;225
4821;31;226
4822;31;227
4823;31;228
4824;31;229
4825;31;230
4826;31;231
4827;31;232
4828;31;233
4829;31;234
4830;31;235
4831;31;236
4832;31;237
4833;31;238
4834;31;239
4835;31;240
4836;31;241
4837;31;242
4838;31;243
4839;31;244
4840;31;245
4841;31;246
4842;31;247
4843;31;248
4844;31;249
4845;31;250
4846;31;251
4847;31;252
4848;31;253
4849;31;254
4850;31;255
4851;31;256
4852;31;257
4853;31;258
4854;31;259
4855;31;260
4856;31;261
4857;31;262
4858;31;263
4859;31;264
4860;31;265
4861;31;901
4862;31;902
4863;31;903
4864;31;904
4865;31;905
4866;31;906
4867;31;907
4868;31;908
4869;32;001
4870;32;002
4871;32;003
4872;32;004
4873;32;005
4874;32;006
4875;32;007
4876;32;008
4877;32;009
4878;32;010
4879;32;011
4880;32;012
4881;32;013
4882;32;014
4883;32;015
4884;32;016
4885;32;017
4886;32;018
4887;32;019
4888;32;020
4889;32;021
4890;32;022
4891;32;023
4892;32;024
4893;32;025
4894;32;026
4895;32;027
4896;32;028
4897;32;029
4898;32;030
4899;32;031
4900;32;032
4901;32;033
4902;32;034
4903;32;035
4904;32;036
4905;32;037
4906;32;038
4907;32;039
4908;32;040
4909;32;041
4910;32;042
4911;32;043
4912;32;044
4913;32;045
4914;32;046
4915;32;047
4916;32;048
4917;32;049
4918;32;050
4919;32;051
4920;32;052
4921;32;053
4922;32;054
4923;32;055
4924;32;056
4925;32;057
4926;32;058
4927;32;059
4928;32;060
4929;32;061
4930;32;062
4931;32;063
4932;32;064
4933;32;065
4934;32;066
4935;32;067
4936;32;068
4937;32;069
4938;32;070
4939;32;071
4940;32;072
4941;32;073
4942;32;074
4943;32;075
4944;32;076
4945;32;077
4946;32;078
4947;32;079
4948;32;080
4949;32;081
4950;32;082
4951;32;083
4952;32;084
4953;32;085
4954;32;086
4955;32;087
4956;32;088
4957;32;089
4958;32;090
4959;32;091
4960;32;092
4961;33;001
4962;33;002
4963;33;003
4964;33;004
4965;33;005
4966;33;006
4967;33;007
4968;33;008
4969;33;009
4970;33;010
4971;33;011
4972;33;012
4973;33;013
4974;33;014
4975;33;015
4976;33;016
4977;33;017
4978;33;018
4979;33;019
4980;33;020
4981;33;021
4982;33;022
4983;33;023
4984;33;024
4985;33;025
4986;33;026
4987;33;027
4988;33;028
4989;33;029
4990;33;030
4991;33;031
4992;33;032
4993;33;033
4994;33;034
4995;33;035
4996;33;036
4997;33;037
4998;33;038
4999;33;039
5000;33;040
5001;33;041
5002;33;042
5003;33;043
5004;33;044
5005;33;045
5006;33;046
5007;33;047
5008;33;048
5009;33;049
5010;33;050
5011;33;051
5012;33;052
5013;33;053
5014;33;054
5015;33;055
5016;33;056
5017;33;057
5018;33;058
5019;33;059
5020;33;060
5021;33;061
5022;33;062
5023;33;063
5024;33;064
5025;33;065
5026;33;066
5027;33;067
5028;33;068
5029;33;069
5030;33;070
5031;33;071
5032;33;072
5033;33;073
5034;33;074
5035;33;075
5036;33;076
5037;33;077
5038;33;078
5039;34;001
5040;34;003
5041;34;004
5042;34;005
5043;34;006
5044;34;009
5045;34;010
5046;34;011
5047;34;012
5048;34;015
5049;34;017
5050;34;018
5051;34;019
5052;34;020
5053;34;022
5054;34;023
5055;34;024
5056;34;025
5057;34;027
5058;34;028
5059;34;029
5060;34;031
5061;34;032
5062;34;033
5063;34;034
5064;34;035
5065;34;036
5066;34;037
5067;34;038
5068;34;039
5069;34;041
5070;34;042
5071;34;045
5072;34;046
5073;34;047
5074;34;048
5075;34;049
5076;34;050
5077;34;051
5078;34;052
5079;34;053
5080;34;055
5081;34;056
5082;34;057
5083;34;058
5084;34;059
5085;34;060
5086;34;061
5087;34;062
5088;34;063
5089;34;066
5090;34;067
5091;34;068
5092;34;069
5093;34;070
5094;34;071
5095;34;072
5096;34;073
5097;34;074
5098;34;076
5099;34;077
5100;34;079
5101;34;080
5102;34;081
5103;34;082
5104;34;083
5105;34;084
5106;34;086
5107;34;087
5108;34;088
5109;34;089
5110;34;091
5111;34;092
5112;34;093
5113;34;094
5114;34;096
5115;34;098
5116;34;099
5117;34;100
5118;34;101
5119;34;102
5120;34;103
5121;34;104
5122;34;106
5123;34;107
5124;34;108
5125;34;109
5126;34;110
5127;34;112
5128;34;113
5129;34;114
5130;34;116
5131;34;120
5132;34;121
5133;34;122
5134;34;123
5135;34;124
5136;34;125
5137;34;126
5138;34;127
5139;34;129
5140;34;130
5141;34;131
5142;34;132
5143;34;133
5144;34;134
5145;34;135
5146;34;136
5147;34;137
5148;34;139
5149;34;140
5150;34;141
5151;34;143
5152;34;146
5153;34;147
5154;34;149
5155;34;151
5156;34;152
5157;34;154
5158;34;155
5159;34;156
5160;34;157
5161;34;158
5162;34;159
5163;34;160
5164;34;161
5165;34;163
5166;34;165
5167;34;167
5168;34;168
5169;34;169
5170;34;170
5171;34;171
5172;34;174
5173;34;175
5174;34;176
5175;34;177
5176;34;178
5177;34;179
5178;34;180
5179;34;181
5180;34;182
5181;34;184
5182;34;185
5183;34;186
5184;34;189
5185;34;190
5186;34;192
5187;34;196
5188;34;199
5189;34;201
5190;34;202
5191;34;204
5192;34;205
5193;34;206
5194;34;208
5195;34;210
5196;34;211
5197;34;213
5198;34;214
5199;34;215
5200;34;216
5201;34;217
5202;34;218
5203;34;220
5204;34;221
5205;34;222
5206;34;223
5207;34;224
5208;34;225
5209;34;227
5210;34;228
5211;34;229
5212;34;230
5213;34;231
5214;34;232
5215;34;233
5216;34;234
5217;34;236
5218;34;237
5219;34;238
5220;34;240
5221;34;241
5222;34;242
5223;34;243
5224;34;245
5225;34;246
5226;34;901
5227;34;902
5228;34;903
5229;34;904
5230;35;001
5231;35;002
5232;35;003
5233;35;004
5234;35;005
5235;35;006
5236;35;007
5237;35;008
5238;35;009
5239;35;010
5240;35;011
5241;35;012
5242;35;013
5243;35;014
5244;35;015
5245;35;016
5246;35;017
5247;35;018
5248;35;019
5249;35;020
5250;35;021
5251;35;022
5252;35;023
5253;35;024
5254;35;025
5255;35;026
5256;35;027
5257;35;028
5258;35;029
5259;35;030
5260;35;031
5261;35;032
5262;35;033
5263;35;034
5264;36;001
5265;36;002
5266;36;003
5267;36;004
5268;36;005
5269;36;006
5270;36;007
5271;36;008
5272;36;009
5273;36;010
5274;36;011
5275;36;012
5276;36;013
5277;36;014
5278;36;015
5279;36;016
5280;36;017
5281;36;018
5282;36;019
5283;36;020
5284;36;021
5285;36;022
5286;36;023
5287;36;024
5288;36;025
5289;36;026
5290;36;027
5291;36;028
5292;36;029
5293;36;030
5294;36;031
5295;36;032
5296;36;033
5297;36;034
5298;36;035
5299;36;036
5300;36;037
5301;36;038
5302;36;039
5303;36;040
5304;36;041
5305;36;042
5306;36;043
5307;36;044
5308;36;045
5309;36;046
5310;36;047
5311;36;048
5312;36;049
5313;36;050
5314;36;051
5315;36;052
5316;36;053
5317;36;054
5318;36;055
5319;36;056
5320;36;057
5321;36;058
5322;36;059
5323;36;060
5324;36;061
5325;36;901
5326;37;001
5327;37;002
5328;37;003
5329;37;004
5330;37;005
5331;37;006
5332;37;007
5333;37;008
5334;37;009
5335;37;010
5336;37;011
5337;37;012
5338;37;013
5339;37;014
5340;37;015
5341;37;016
5342;37;017
5343;37;018
5344;37;019
5345;37;020
5346;37;021
5347;37;022
5348;37;023
5349;37;024
5350;37;025
5351;37;026
5352;37;027
5353;37;028
5354;37;029
5355;37;030
5356;37;031
5357;37;032
5358;37;033
5359;37;034
5360;37;035
5361;37;036
5362;37;037
5363;37;038
5364;37;039
5365;37;040
5366;37;041
5367;37;042
5368;37;044
5369;37;045
5370;37;046
5371;37;047
5372;37;049
5373;37;050
5374;37;051
5375;37;052
5376;37;054
5377;37;055
5378;37;056
5379;37;057
5380;37;058
5381;37;059
5382;37;060
5383;37;061
5384;37;062
5385;37;063
5386;37;065
5387;37;067
5388;37;068
5389;37;069
5390;37;070
5391;37;071
5392;37;072
5393;37;073
5394;37;074
5395;37;077
5396;37;078
5397;37;079
5398;37;080
5399;37;081
5400;37;082
5401;37;083
5402;37;085
5403;37;086
5404;37;087
5405;37;088
5406;37;089
5407;37;090
5408;37;091
5409;37;092
5410;37;096
5411;37;097
5412;37;098
5413;37;099
5414;37;100
5415;37;101
5416;37;102
5417;37;103
5418;37;104
5419;37;106
5420;37;107
5421;37;108
5422;37;109
5423;37;110
5424;37;112
5425;37;113
5426;37;114
5427;37;115
5428;37;116
5429;37;117
5430;37;118
5431;37;119
5432;37;120
5433;37;121
5434;37;122
5435;37;123
5436;37;124
5437;37;125
5438;37;126
5439;37;127
5440;37;128
5441;37;129
5442;37;130
5443;37;131
5444;37;132
5445;37;133
5446;37;134
5447;37;135
5448;37;136
5449;37;137
5450;37;138
5451;37;139
5452;37;140
5453;37;141
5454;37;142
5455;37;143
5456;37;144
5457;37;145
5458;37;146
5459;37;147
5460;37;148
5461;37;149
5462;37;150
5463;37;151
5464;37;152
5465;37;154
5466;37;155
5467;37;156
5468;37;157
5469;37;158
5470;37;159
5471;37;160
5472;37;161
5473;37;162
5474;37;163
5475;37;164
5476;37;165
5477;37;166
5478;37;167
5479;37;168
5480;37;169
5481;37;170
5482;37;171
5483;37;172
5484;37;173
5485;37;174
5486;37;175
5487;37;176
5488;37;177
5489;37;178
5490;37;179
5491;37;180
5492;37;181
5493;37;182
5494;37;183
5495;37;184
5496;37;185
5497;37;186
5498;37;187
5499;37;188
5500;37;189
5501;37;190
5502;37;191
5503;37;192
5504;37;193
5505;37;194
5506;37;195
5507;37;196
5508;37;197
5509;37;198
5510;37;199
5511;37;200
5512;37;201
5513;37;202
5514;37;203
5515;37;204
5516;37;205
5517;37;206
5518;37;207
5519;37;208
5520;37;209
5521;37;211
5522;37;212
5523;37;213
5524;37;214
5525;37;215
5526;37;216
5527;37;217
5528;37;218
5529;37;219
5530;37;221
5531;37;222
5532;37;223
5533;37;224
5534;37;225
5535;37;226
5536;37;228
5537;37;229
5538;37;230
5539;37;231
5540;37;232
5541;37;233
5542;37;234
5543;37;235
5544;37;236
5545;37;237
5546;37;238
5547;37;239
5548;37;240
5549;37;241
5550;37;242
5551;37;243
5552;37;244
5553;37;245
5554;37;246
5555;37;247
5556;37;248
5557;37;249
5558;37;250
5559;37;251
5560;37;252
5561;37;253
5562;37;254
5563;37;255
5564;37;256
5565;37;257
5566;37;258
5567;37;259
5568;37;260
5569;37;261
5570;37;262
5571;37;263
5572;37;264
5573;37;265
5574;37;266
5575;37;267
5576;37;268
5577;37;269
5578;37;270
5579;37;271
5580;37;272
5581;37;273
5582;37;274
5583;37;275
5584;37;276
5585;37;277
5586;37;278
5587;37;279
5588;37;280
5589;37;281
5590;37;282
5591;37;283
5592;37;284
5593;37;285
5594;37;286
5595;37;287
5596;37;288
5597;37;289
5598;37;290
5599;37;291
5600;37;292
5601;37;293
5602;37;294
5603;37;296
5604;37;297
5605;37;298
5606;37;299
5607;37;300
5608;37;301
5609;37;302
5610;37;303
5611;37;304
5612;37;305
5613;37;306
5614;37;307
5615;37;309
5616;37;310
5617;37;311
5618;37;312
5619;37;313
5620;37;314
5621;37;315
5622;37;316
5623;37;317
5624;37;318
5625;37;319
5626;37;320
5627;37;321
5628;37;322
5629;37;323
5630;37;324
5631;37;325
5632;37;327
5633;37;328
5634;37;329
5635;37;330
5636;37;331
5637;37;332
5638;37;333
5639;37;334
5640;37;335
5641;37;336
5642;37;337
5643;37;338
5644;37;339
5645;37;340
5646;37;341
5647;37;342
5648;37;343
5649;37;344
5650;37;345
5651;37;346
5652;37;347
5653;37;348
5654;37;349
5655;37;350
5656;37;351
5657;37;352
5658;37;353
5659;37;354
5660;37;355
5661;37;356
5662;37;357
5663;37;358
5664;37;359
5665;37;360
5666;37;361
5667;37;362
5668;37;363
5669;37;364
5670;37;365
5671;37;366
5672;37;367
5673;37;368
5674;37;369
5675;37;370
5676;37;371
5677;37;372
5678;37;373
5679;37;374
5680;37;375
5681;37;376
5682;37;377
5683;37;378
5684;37;379
5685;37;380
5686;37;381
5687;37;382
5688;38;001
5689;38;002
5690;38;003
5691;38;004
5692;38;005
5693;38;006
5694;38;007
5695;38;008
5696;38;009
5697;38;010
5698;38;011
5699;38;012
5700;38;013
5701;38;014
5702;38;015
5703;38;016
5704;38;017
5705;38;018
5706;38;019
5707;38;020
5708;38;021
5709;38;022
5710;38;023
5711;38;024
5712;38;025
5713;38;026
5714;38;027
5715;38;028
5716;38;029
5717;38;030
5718;38;031
5719;38;032
5720;38;033
5721;38;034
5722;38;035
5723;38;036
5724;38;037
5725;38;038
5726;38;039
5727;38;040
5728;38;041
5729;38;042
5730;38;043
5731;38;044
5732;38;045
5733;38;046
5734;38;047
5735;38;048
5736;38;049
5737;38;050
5738;38;051
5739;38;052
5740;38;053
5741;39;001
5742;39;002
5743;39;003
5744;39;004
5745;39;005
5746;39;006
5747;39;007
5748;39;008
5749;39;009
5750;39;010
5751;39;011
5752;39;012
5753;39;013
5754;39;014
5755;39;015
5756;39;016
5757;39;017
5758;39;018
5759;39;019
5760;39;020
5761;39;021
5762;39;022
5763;39;023
5764;39;024
5765;39;025
5766;39;026
5767;39;027
5768;39;028
5769;39;029
5770;39;030
5771;39;031
5772;39;032
5773;39;033
5774;39;034
5775;39;035
5776;39;036
5777;39;037
5778;39;038
5779;39;039
5780;39;040
5781;39;041
5782;39;042
5783;39;043
5784;39;044
5785;39;045
5786;39;046
5787;39;047
5788;39;048
5789;39;049
5790;39;050
5791;39;051
5792;39;052
5793;39;053
5794;39;054
5795;39;055
5796;39;056
5797;39;057
5798;39;058
5799;39;059
5800;39;060
5801;39;061
5802;39;062
5803;39;063
5804;39;064
5805;39;065
5806;39;066
5807;39;067
5808;39;068
5809;39;069
5810;39;070
5811;39;071
5812;39;072
5813;39;073
5814;39;074
5815;39;075
5816;39;076
5817;39;077
5818;39;078
5819;39;079
5820;39;080
5821;39;081
5822;39;082
5823;39;083
5824;39;084
5825;39;085
5826;39;086
5827;39;087
5828;39;088
5829;39;089
5830;39;090
5831;39;091
5832;39;092
5833;39;093
5834;39;094
5835;39;095
5836;39;096
5837;39;097
5838;39;098
5839;39;099
5840;39;100
5841;39;101
5842;39;102
5843;40;001
5844;40;002
5845;40;003
5846;40;004
5847;40;005
5848;40;006
5849;40;007
5850;40;008
5851;40;009
5852;40;010
5853;40;012
5854;40;013
5855;40;014
5856;40;015
5857;40;016
5858;40;017
5859;40;018
5860;40;019
5861;40;020
5862;40;021
5863;40;022
5864;40;024
5865;40;025
5866;40;026
5867;40;028
5868;40;029
5869;40;030
5870;40;031
5871;40;032
5872;40;033
5873;40;034
5874;40;035
5875;40;036
5876;40;037
5877;40;039
5878;40;040
5879;40;041
5880;40;043
5881;40;044
5882;40;045
5883;40;046
5884;40;047
5885;40;048
5886;40;049
5887;40;051
5888;40;052
5889;40;053
5890;40;054
5891;40;055
5892;40;056
5893;40;057
5894;40;058
5895;40;059
5896;40;060
5897;40;061
5898;40;062
5899;40;063
5900;40;065
5901;40;068
5902;40;069
5903;40;070
5904;40;071
5905;40;072
5906;40;073
5907;40;074
5908;40;075
5909;40;076
5910;40;077
5911;40;078
5912;40;079
5913;40;080
5914;40;081
5915;40;082
5916;40;083
5917;40;084
5918;40;086
5919;40;087
5920;40;088
5921;40;089
5922;40;091
5923;40;092
5924;40;093
5925;40;094
5926;40;095
5927;40;097
5928;40;099
5929;40;100
5930;40;101
5931;40;103
5932;40;104
5933;40;105
5934;40;106
5935;40;107
5936;40;108
5937;40;109
5938;40;110
5939;40;111
5940;40;112
5941;40;113
5942;40;115
5943;40;118
5944;40;119
5945;40;120
5946;40;121
5947;40;122
5948;40;123
5949;40;124
5950;40;125
5951;40;126
5952;40;127
5953;40;128
5954;40;129
5955;40;130
5956;40;131
5957;40;132
5958;40;134
5959;40;135
5960;40;136
5961;40;138
5962;40;139
5963;40;140
5964;40;141
5965;40;142
5966;40;143
5967;40;144
5968;40;145
5969;40;146
5970;40;148
5971;40;149
5972;40;150
5973;40;151
5974;40;152
5975;40;154
5976;40;155
5977;40;156
5978;40;157
5979;40;158
5980;40;159
5981;40;160
5982;40;161
5983;40;162
5984;40;163
5985;40;164
5986;40;165
5987;40;166
5988;40;168
5989;40;170
5990;40;171
5991;40;172
5992;40;173
5993;40;174
5994;40;176
5995;40;177
5996;40;178
5997;40;179
5998;40;180
5999;40;181
6000;40;182
6001;40;183
6002;40;184
6003;40;185
6004;40;186
6005;40;188
6006;40;189
6007;40;190
6008;40;191
6009;40;192
6010;40;193
6011;40;194
6012;40;195
6013;40;196
6014;40;198
6015;40;199
6016;40;200
6017;40;201
6018;40;202
6019;40;203
6020;40;204
6021;40;205
6022;40;206
6023;40;207
6024;40;208
6025;40;210
6026;40;211
6027;40;212
6028;40;213
6029;40;214
6030;40;215
6031;40;216
6032;40;218
6033;40;219
6034;40;220
6035;40;221
6036;40;222
6037;40;223
6038;40;224
6039;40;225
6040;40;228
6041;40;229
6042;40;230
6043;40;231
6044;40;233
6045;40;234
6046;40;901
6047;40;902
6048;40;903
6049;40;904
6050;40;905
6051;41;001
6052;41;002
6053;41;003
6054;41;004
6055;41;005
6056;41;006
6057;41;007
6058;41;008
6059;41;009
6060;41;010
6061;41;011
6062;41;012
6063;41;013
6064;41;014
6065;41;015
6066;41;016
6067;41;017
6068;41;018
6069;41;019
6070;41;020
6071;41;021
6072;41;022
6073;41;023
6074;41;024
6075;41;025
6076;41;026
6077;41;027
6078;41;028
6079;41;029
6080;41;030
6081;41;031
6082;41;032
6083;41;033
6084;41;034
6085;41;035
6086;41;036
6087;41;037
6088;41;038
6089;41;039
6090;41;040
6091;41;041
6092;41;042
6093;41;043
6094;41;044
6095;41;045
6096;41;046
6097;41;047
6098;41;048
6099;41;049
6100;41;050
6101;41;051
6102;41;052
6103;41;053
6104;41;054
6105;41;055
6106;41;056
6107;41;057
6108;41;058
6109;41;059
6110;41;060
6111;41;061
6112;41;062
6113;41;063
6114;41;064
6115;41;065
6116;41;066
6117;41;067
6118;41;068
6119;41;069
6120;41;070
6121;41;071
6122;41;072
6123;41;073
6124;41;074
6125;41;075
6126;41;076
6127;41;077
6128;41;078
6129;41;079
6130;41;080
6131;41;081
6132;41;082
6133;41;083
6134;41;084
6135;41;085
6136;41;086
6137;41;087
6138;41;088
6139;41;089
6140;41;090
6141;41;091
6142;41;092
6143;41;093
6144;41;094
6145;41;095
6146;41;096
6147;41;097
6148;41;098
6149;41;099
6150;41;100
6151;41;101
6152;41;102
6153;41;901
6154;41;902
6155;41;903
6156;42;001
6157;42;003
6158;42;004
6159;42;006
6160;42;007
6161;42;008
6162;42;009
6163;42;010
6164;42;011
6165;42;012
6166;42;013
6167;42;014
6168;42;015
6169;42;016
6170;42;017
6171;42;018
6172;42;019
6173;42;020
6174;42;021
6175;42;022
6176;42;023
6177;42;024
6178;42;025
6179;42;026
6180;42;027
6181;42;028
6182;42;029
6183;42;030
6184;42;031
6185;42;032
6186;42;033
6187;42;034
6188;42;035
6189;42;036
6190;42;037
6191;42;038
6192;42;039
6193;42;041
6194;42;042
6195;42;043
6196;42;044
6197;42;045
6198;42;046
6199;42;048
6200;42;049
6201;42;050
6202;42;051
6203;42;052
6204;42;053
6205;42;054
6206;42;055
6207;42;056
6208;42;057
6209;42;058
6210;42;059
6211;42;060
6212;42;061
6213;42;062
6214;42;063
6215;42;064
6216;42;065
6217;42;068
6218;42;069
6219;42;070
6220;42;071
6221;42;073
6222;42;075
6223;42;076
6224;42;078
6225;42;079
6226;42;080
6227;42;081
6228;42;082
6229;42;083
6230;42;084
6231;42;085
6232;42;086
6233;42;087
6234;42;088
6235;42;089
6236;42;090
6237;42;092
6238;42;093
6239;42;094
6240;42;095
6241;42;096
6242;42;097
6243;42;098
6244;42;100
6245;42;103
6246;42;105
6247;42;106
6248;42;107
6249;42;108
6250;42;110
6251;42;111
6252;42;113
6253;42;115
6254;42;116
6255;42;117
6256;42;118
6257;42;119
6258;42;120
6259;42;121
6260;42;123
6261;42;124
6262;42;125
6263;42;127
6264;42;128
6265;42;129
6266;42;130
6267;42;131
6268;42;132
6269;42;134
6270;42;135
6271;42;139
6272;42;140
6273;42;141
6274;42;142
6275;42;144
6276;42;145
6277;42;148
6278;42;149
6279;42;151
6280;42;152
6281;42;153
6282;42;154
6283;42;155
6284;42;156
6285;42;157
6286;42;158
6287;42;159
6288;42;160
6289;42;161
6290;42;162
6291;42;163
6292;42;164
6293;42;165
6294;42;166
6295;42;167
6296;42;168
6297;42;171
6298;42;172
6299;42;173
6300;42;174
6301;42;175
6302;42;176
6303;42;177
6304;42;178
6305;42;181
6306;42;182
6307;42;183
6308;42;184
6309;42;185
6310;42;187
6311;42;188
6312;42;189
6313;42;190
6314;42;191
6315;42;192
6316;42;193
6317;42;194
6318;42;195
6319;42;196
6320;42;197
6321;42;198
6322;42;200
6323;42;201
6324;42;202
6325;42;204
6326;42;205
6327;42;206
6328;42;207
6329;42;208
6330;42;209
6331;42;211
6332;42;212
6333;42;213
6334;42;215
6335;42;216
6336;42;217
6337;42;218
6338;42;219
6339;43;001
6340;43;002
6341;43;003
6342;43;004
6343;43;005
6344;43;006
6345;43;007
6346;43;008
6347;43;009
6348;43;010
6349;43;011
6350;43;012
6351;43;013
6352;43;014
6353;43;015
6354;43;016
6355;43;017
6356;43;018
6357;43;019
6358;43;020
6359;43;021
6360;43;022
6361;43;023
6362;43;024
6363;43;025
6364;43;026
6365;43;027
6366;43;028
6367;43;029
6368;43;030
6369;43;031
6370;43;032
6371;43;033
6372;43;034
6373;43;035
6374;43;036
6375;43;037
6376;43;038
6377;43;039
6378;43;040
6379;43;041
6380;43;042
6381;43;043
6382;43;044
6383;43;045
6384;43;046
6385;43;047
6386;43;048
6387;43;049
6388;43;050
6389;43;051
6390;43;052
6391;43;053
6392;43;054
6393;43;055
6394;43;056
6395;43;057
6396;43;058
6397;43;059
6398;43;060
6399;43;061
6400;43;062
6401;43;063
6402;43;064
6403;43;065
6404;43;066
6405;43;067
6406;43;068
6407;43;069
6408;43;070
6409;43;071
6410;43;072
6411;43;073
6412;43;074
6413;43;075
6414;43;076
6415;43;077
6416;43;078
6417;43;079
6418;43;080
6419;43;081
6420;43;082
6421;43;083
6422;43;084
6423;43;085
6424;43;086
6425;43;088
6426;43;089
6427;43;090
6428;43;091
6429;43;092
6430;43;093
6431;43;094
6432;43;095
6433;43;096
6434;43;097
6435;43;098
6436;43;099
6437;43;100
6438;43;101
6439;43;102
6440;43;103
6441;43;104
6442;43;105
6443;43;106
6444;43;107
6445;43;108
6446;43;109
6447;43;110
6448;43;111
6449;43;112
6450;43;113
6451;43;114
6452;43;115
6453;43;116
6454;43;117
6455;43;118
6456;43;119
6457;43;120
6458;43;121
6459;43;122
6460;43;123
6461;43;124
6462;43;125
6463;43;126
6464;43;127
6465;43;128
6466;43;129
6467;43;130
6468;43;131
6469;43;132
6470;43;133
6471;43;134
6472;43;135
6473;43;136
6474;43;137
6475;43;138
6476;43;139
6477;43;140
6478;43;141
6479;43;142
6480;43;143
6481;43;144
6482;43;145
6483;43;146
6484;43;147
6485;43;148
6486;43;149
6487;43;150
6488;43;151
6489;43;152
6490;43;153
6491;43;154
6492;43;155
6493;43;156
6494;43;157
6495;43;158
6496;43;159
6497;43;160
6498;43;161
6499;43;162
6500;43;163
6501;43;164
6502;43;165
6503;43;166
6504;43;167
6505;43;168
6506;43;169
6507;43;170
6508;43;171
6509;43;172
6510;43;173
6511;43;174
6512;43;175
6513;43;176
6514;43;177
6515;43;178
6516;43;901
6517;43;902
6518;43;903
6519;43;904
6520;43;905
6521;43;906
6522;44;001
6523;44;002
6524;44;003
6525;44;004
6526;44;005
6527;44;006
6528;44;007
6529;44;008
6530;44;009
6531;44;010
6532;44;011
6533;44;012
6534;44;013
6535;44;014
6536;44;016
6537;44;017
6538;44;018
6539;44;019
6540;44;020
6541;44;021
6542;44;022
6543;44;023
6544;44;024
6545;44;025
6546;44;026
6547;44;027
6548;44;028
6549;44;029
6550;44;031
6551;44;032
6552;44;033
6553;44;034
6554;44;035
6555;44;036
6556;44;037
6557;44;038
6558;44;039
6559;44;040
6560;44;041
6561;44;042
6562;44;043
6563;44;044
6564;44;045
6565;44;046
6566;44;047
6567;44;048
6568;44;049
6569;44;050
6570;44;051
6571;44;052
6572;44;053
6573;44;054
6574;44;055
6575;44;056
6576;44;059
6577;44;060
6578;44;061
6579;44;062
6580;44;063
6581;44;064
6582;44;065
6583;44;066
6584;44;067
6585;44;068
6586;44;070
6587;44;071
6588;44;074
6589;44;075
6590;44;076
6591;44;077
6592;44;080
6593;44;082
6594;44;084
6595;44;085
6596;44;086
6597;44;087
6598;44;088
6599;44;089
6600;44;090
6601;44;092
6602;44;093
6603;44;094
6604;44;096
6605;44;097
6606;44;099
6607;44;100
6608;44;101
6609;44;102
6610;44;103
6611;44;105
6612;44;106
6613;44;107
6614;44;108
6615;44;109
6616;44;110
6617;44;111
6618;44;112
6619;44;113
6620;44;114
6621;44;115
6622;44;116
6623;44;117
6624;44;118
6625;44;119
6626;44;120
6627;44;121
6628;44;122
6629;44;123
6630;44;124
6631;44;125
6632;44;126
6633;44;127
6634;44;128
6635;44;129
6636;44;130
6637;44;131
6638;44;132
6639;44;133
6640;44;135
6641;44;136
6642;44;137
6643;44;138
6644;44;141
6645;44;142
6646;44;143
6647;44;144
6648;44;145
6649;44;146
6650;44;147
6651;44;148
6652;44;149
6653;44;150
6654;44;151
6655;44;152
6656;44;153
6657;44;154
6658;44;155
6659;44;156
6660;44;157
6661;44;158
6662;44;159
6663;44;160
6664;44;161
6665;44;163
6666;44;164
6667;44;165
6668;44;167
6669;44;168
6670;44;169
6671;44;171
6672;44;172
6673;44;173
6674;44;174
6675;44;175
6676;44;176
6677;44;177
6678;44;178
6679;44;179
6680;44;180
6681;44;181
6682;44;182
6683;44;183
6684;44;184
6685;44;185
6686;44;187
6687;44;189
6688;44;190
6689;44;191
6690;44;192
6691;44;193
6692;44;194
6693;44;195
6694;44;196
6695;44;197
6696;44;198
6697;44;199
6698;44;200
6699;44;201
6700;44;203
6701;44;204
6702;44;205
6703;44;206
6704;44;207
6705;44;208
6706;44;209
6707;44;210
6708;44;211
6709;44;212
6710;44;213
6711;44;215
6712;44;216
6713;44;217
6714;44;218
6715;44;219
6716;44;220
6717;44;221
6718;44;222
6719;44;223
6720;44;224
6721;44;225
6722;44;226
6723;44;227
6724;44;228
6725;44;229
6726;44;230
6727;44;231
6728;44;232
6729;44;234
6730;44;235
6731;44;236
6732;44;237
6733;44;238
6734;44;239
6735;44;240
6736;44;241
6737;44;243
6738;44;244
6739;44;245
6740;44;246
6741;44;247
6742;44;249
6743;44;250
6744;44;251
6745;44;252
6746;44;256
6747;44;257
6748;44;258
6749;44;260
6750;44;261
6751;44;262
6752;44;263
6753;44;264
6754;44;265
6755;44;266
6756;44;267
6757;44;268
6758;45;001
6759;45;002
6760;45;003
6761;45;004
6762;45;005
6763;45;006
6764;45;007
6765;45;008
6766;45;009
6767;45;010
6768;45;011
6769;45;012
6770;45;013
6771;45;014
6772;45;015
6773;45;016
6774;45;017
6775;45;018
6776;45;019
6777;45;020
6778;45;021
6779;45;022
6780;45;023
6781;45;024
6782;45;025
6783;45;026
6784;45;027
6785;45;028
6786;45;029
6787;45;030
6788;45;031
6789;45;032
6790;45;033
6791;45;034
6792;45;035
6793;45;036
6794;45;037
6795;45;038
6796;45;039
6797;45;040
6798;45;041
6799;45;042
6800;45;043
6801;45;045
6802;45;046
6803;45;047
6804;45;048
6805;45;049
6806;45;050
6807;45;051
6808;45;052
6809;45;053
6810;45;054
6811;45;055
6812;45;056
6813;45;057
6814;45;058
6815;45;059
6816;45;060
6817;45;061
6818;45;062
6819;45;063
6820;45;064
6821;45;065
6822;45;066
6823;45;067
6824;45;068
6825;45;069
6826;45;070
6827;45;071
6828;45;072
6829;45;073
6830;45;074
6831;45;075
6832;45;076
6833;45;077
6834;45;078
6835;45;079
6836;45;080
6837;45;081
6838;45;082
6839;45;083
6840;45;084
6841;45;085
6842;45;086
6843;45;087
6844;45;088
6845;45;089
6846;45;090
6847;45;091
6848;45;092
6849;45;093
6850;45;094
6851;45;095
6852;45;096
6853;45;097
6854;45;098
6855;45;099
6856;45;100
6857;45;101
6858;45;102
6859;45;103
6860;45;104
6861;45;105
6862;45;106
6863;45;107
6864;45;108
6865;45;109
6866;45;110
6867;45;111
6868;45;112
6869;45;113
6870;45;114
6871;45;115
6872;45;116
6873;45;117
6874;45;118
6875;45;119
6876;45;120
6877;45;121
6878;45;122
6879;45;123
6880;45;124
6881;45;125
6882;45;126
6883;45;127
6884;45;128
6885;45;129
6886;45;130
6887;45;131
6888;45;132
6889;45;133
6890;45;134
6891;45;135
6892;45;136
6893;45;137
6894;45;138
6895;45;139
6896;45;140
6897;45;141
6898;45;142
6899;45;143
6900;45;144
6901;45;145
6902;45;146
6903;45;147
6904;45;148
6905;45;149
6906;45;150
6907;45;151
6908;45;152
6909;45;153
6910;45;154
6911;45;155
6912;45;156
6913;45;157
6914;45;158
6915;45;159
6916;45;160
6917;45;161
6918;45;162
6919;45;163
6920;45;164
6921;45;165
6922;45;166
6923;45;167
6924;45;168
6925;45;169
6926;45;170
6927;45;171
6928;45;172
6929;45;173
6930;45;174
6931;45;175
6932;45;176
6933;45;177
6934;45;179
6935;45;180
6936;45;181
6937;45;182
6938;45;183
6939;45;184
6940;45;185
6941;45;186
6942;45;187
6943;45;188
6944;45;189
6945;45;190
6946;45;191
6947;45;192
6948;45;193
6949;45;194
6950;45;195
6951;45;196
6952;45;197
6953;45;198
6954;45;199
6955;45;200
6956;45;201
6957;45;202
6958;45;203
6959;45;204
6960;45;205
6961;45;901
6962;46;001
6963;46;002
6964;46;003
6965;46;004
6966;46;005
6967;46;006
6968;46;007
6969;46;008
6970;46;009
6971;46;010
6972;46;011
6973;46;012
6974;46;013
6975;46;014
6976;46;015
6977;46;016
6978;46;017
6979;46;018
6980;46;019
6981;46;020
6982;46;021
6983;46;022
6984;46;023
6985;46;024
6986;46;025
6987;46;026
6988;46;027
6989;46;028
6990;46;029
6991;46;030
6992;46;031
6993;46;032
6994;46;033
6995;46;034
6996;46;035
6997;46;036
6998;46;037
6999;46;038
7000;46;039
7001;46;040
7002;46;041
7003;46;042
7004;46;043
7005;46;044
7006;46;045
7007;46;046
7008;46;047
7009;46;048
7010;46;049
7011;46;050
7012;46;051
7013;46;052
7014;46;053
7015;46;054
7016;46;055
7017;46;056
7018;46;057
7019;46;058
7020;46;059
7021;46;060
7022;46;061
7023;46;062
7024;46;063
7025;46;064
7026;46;065
7027;46;066
7028;46;067
7029;46;068
7030;46;069
7031;46;070
7032;46;071
7033;46;072
7034;46;073
7035;46;074
7036;46;075
7037;46;076
7038;46;077
7039;46;078
7040;46;079
7041;46;080
7042;46;081
7043;46;082
7044;46;083
7045;46;084
7046;46;085
7047;46;086
7048;46;087
7049;46;088
7050;46;089
7051;46;090
7052;46;091
7053;46;092
7054;46;093
7055;46;094
7056;46;095
7057;46;096
7058;46;097
7059;46;098
7060;46;099
7061;46;100
7062;46;101
7063;46;102
7064;46;103
7065;46;104
7066;46;105
7067;46;106
7068;46;107
7069;46;108
7070;46;109
7071;46;110
7072;46;111
7073;46;112
7074;46;113
7075;46;114
7076;46;115
7077;46;116
7078;46;117
7079;46;118
7080;46;119
7081;46;120
7082;46;121
7083;46;122
7084;46;123
7085;46;124
7086;46;125
7087;46;126
7088;46;127
7089;46;128
7090;46;129
7091;46;130
7092;46;131
7093;46;132
7094;46;133
7095;46;134
7096;46;135
7097;46;136
7098;46;137
7099;46;138
7100;46;139
7101;46;140
7102;46;141
7103;46;142
7104;46;143
7105;46;144
7106;46;145
7107;46;146
7108;46;147
7109;46;148
7110;46;149
7111;46;150
7112;46;151
7113;46;152
7114;46;153
7115;46;154
7116;46;155
7117;46;156
7118;46;157
7119;46;158
7120;46;159
7121;46;160
7122;46;161
7123;46;162
7124;46;163
7125;46;164
7126;46;165
7127;46;166
7128;46;167
7129;46;168
7130;46;169
7131;46;170
7132;46;171
7133;46;172
7134;46;173
7135;46;174
7136;46;175
7137;46;176
7138;46;177
7139;46;178
7140;46;179
7141;46;180
7142;46;181
7143;46;182
7144;46;183
7145;46;184
7146;46;185
7147;46;186
7148;46;187
7149;46;188
7150;46;189
7151;46;190
7152;46;191
7153;46;192
7154;46;193
7155;46;194
7156;46;195
7157;46;196
7158;46;197
7159;46;198
7160;46;199
7161;46;200
7162;46;201
7163;46;202
7164;46;203
7165;46;204
7166;46;205
7167;46;206
7168;46;207
7169;46;208
7170;46;209
7171;46;210
7172;46;211
7173;46;212
7174;46;213
7175;46;214
7176;46;215
7177;46;216
7178;46;217
7179;46;218
7180;46;219
7181;46;220
7182;46;221
7183;46;222
7184;46;223
7185;46;224
7186;46;225
7187;46;226
7188;46;227
7189;46;228
7190;46;229
7191;46;230
7192;46;231
7193;46;232
7194;46;233
7195;46;234
7196;46;235
7197;46;236
7198;46;237
7199;46;238
7200;46;239
7201;46;240
7202;46;241
7203;46;242
7204;46;243
7205;46;244
7206;46;245
7207;46;246
7208;46;247
7209;46;248
7210;46;249
7211;46;250
7212;46;251
7213;46;252
7214;46;253
7215;46;254
7216;46;255
7217;46;256
7218;46;257
7219;46;258
7220;46;259
7221;46;260
7222;46;261
7223;46;262
7224;46;263
7225;46;902
7226;46;903
7227;47;001
7228;47;002
7229;47;003
7230;47;004
7231;47;005
7232;47;006
7233;47;007
7234;47;008
7235;47;009
7236;47;010
7237;47;011
7238;47;012
7239;47;013
7240;47;014
7241;47;015
7242;47;016
7243;47;017
7244;47;018
7245;47;019
7246;47;020
7247;47;021
7248;47;022
7249;47;023
7250;47;024
7251;47;025
7252;47;026
7253;47;027
7254;47;028
7255;47;029
7256;47;030
7257;47;031
7258;47;032
7259;47;033
7260;47;034
7261;47;035
7262;47;036
7263;47;037
7264;47;038
7265;47;039
7266;47;040
7267;47;041
7268;47;042
7269;47;043
7270;47;044
7271;47;045
7272;47;046
7273;47;047
7274;47;048
7275;47;049
7276;47;050
7277;47;051
7278;47;052
7279;47;053
7280;47;054
7281;47;055
7282;47;056
7283;47;057
7284;47;058
7285;47;059
7286;47;060
7287;47;061
7288;47;062
7289;47;063
7290;47;064
7291;47;065
7292;47;066
7293;47;067
7294;47;068
7295;47;069
7296;47;070
7297;47;071
7298;47;073
7299;47;074
7300;47;075
7301;47;076
7302;47;077
7303;47;078
7304;47;079
7305;47;080
7306;47;081
7307;47;082
7308;47;083
7309;47;084
7310;47;085
7311;47;086
7312;47;087
7313;47;088
7314;47;089
7315;47;090
7316;47;091
7317;47;092
7318;47;093
7319;47;094
7320;47;095
7321;47;096
7322;47;097
7323;47;098
7324;47;099
7325;47;100
7326;47;101
7327;47;102
7328;47;103
7329;47;104
7330;47;105
7331;47;106
7332;47;109
7333;47;110
7334;47;111
7335;47;112
7336;47;113
7337;47;114
7338;47;115
7339;47;116
7340;47;117
7341;47;118
7342;47;119
7343;47;121
7344;47;122
7345;47;123
7346;47;124
7347;47;125
7348;47;126
7349;47;127
7350;47;128
7351;47;129
7352;47;130
7353;47;131
7354;47;132
7355;47;133
7356;47;134
7357;47;135
7358;47;137
7359;47;138
7360;47;139
7361;47;140
7362;47;141
7363;47;142
7364;47;143
7365;47;144
7366;47;145
7367;47;146
7368;47;147
7369;47;148
7370;47;149
7371;47;150
7372;47;151
7373;47;152
7374;47;153
7375;47;154
7376;47;155
7377;47;156
7378;47;157
7379;47;158
7380;47;159
7381;47;160
7382;47;161
7383;47;162
7384;47;163
7385;47;164
7386;47;165
7387;47;166
7388;47;167
7389;47;168
7390;47;169
7391;47;170
7392;47;171
7393;47;172
7394;47;173
7395;47;174
7396;47;175
7397;47;176
7398;47;177
7399;47;178
7400;47;179
7401;47;180
7402;47;181
7403;47;182
7404;47;183
7405;47;184
7406;47;185
7407;47;186
7408;47;187
7409;47;188
7410;47;189
7411;47;190
7412;47;191
7413;47;192
7414;47;193
7415;47;194
7416;47;195
7417;47;196
7418;47;197
7419;47;198
7420;47;199
7421;47;200
7422;47;203
7423;47;204
7424;47;205
7425;47;206
7426;47;207
7427;47;208
7428;47;209
7429;47;210
7430;47;211
7431;47;212
7432;47;213
7433;47;214
7434;47;215
7435;47;216
7436;47;217
7437;47;218
7438;47;219
7439;47;220
7440;47;221
7441;47;222
7442;47;223
7443;47;224
7444;47;225
7445;47;226
7446;47;227
7447;47;228
7448;47;229
7449;47;230
7450;47;231
7451;47;232
7452;48;001
7453;48;002
7454;48;003
7455;48;004
7456;48;005
7457;48;006
7458;48;007
7459;48;008
7460;48;009
7461;48;010
7462;48;011
7463;48;012
7464;48;013
7465;48;014
7466;48;015
7467;48;016
7468;48;017
7469;48;018
7470;48;019
7471;48;020
7472;48;021
7473;48;022
7474;48;023
7475;48;024
7476;48;025
7477;48;026
7478;48;027
7479;48;028
7480;48;029
7481;48;030
7482;48;031
7483;48;032
7484;48;033
7485;48;034
7486;48;035
7487;48;036
7488;48;037
7489;48;038
7490;48;039
7491;48;040
7492;48;041
7493;48;042
7494;48;043
7495;48;044
7496;48;045
7497;48;046
7498;48;047
7499;48;048
7500;48;049
7501;48;050
7502;48;051
7503;48;052
7504;48;053
7505;48;054
7506;48;055
7507;48;056
7508;48;057
7509;48;058
7510;48;059
7511;48;060
7512;48;061
7513;48;062
7514;48;063
7515;48;064
7516;48;065
7517;48;066
7518;48;067
7519;48;068
7520;48;069
7521;48;070
7522;48;071
7523;48;072
7524;48;073
7525;48;074
7526;48;075
7527;48;076
7528;48;077
7529;48;078
7530;48;079
7531;48;080
7532;48;081
7533;48;082
7534;48;083
7535;48;084
7536;48;085
7537;48;086
7538;48;087
7539;48;088
7540;48;089
7541;48;090
7542;48;091
7543;48;092
7544;48;093
7545;48;094
7546;48;095
7547;48;096
7548;48;097
7549;48;901
7550;48;902
7551;48;903
7552;48;904
7553;48;905
7554;48;906
7555;48;907
7556;48;908
7557;48;909
7558;48;910
7559;48;911
7560;48;912
7561;48;913
7562;48;914
7563;49;002
7564;49;003
7565;49;004
7566;49;005
7567;49;006
7568;49;007
7569;49;008
7570;49;009
7571;49;010
7572;49;011
7573;49;012
7574;49;013
7575;49;014
7576;49;015
7577;49;016
7578;49;017
7579;49;018
7580;49;019
7581;49;020
7582;49;021
7583;49;022
7584;49;023
7585;49;024
7586;49;025
7587;49;026
7588;49;027
7589;49;028
7590;49;029
7591;49;030
7592;49;031
7593;49;032
7594;49;033
7595;49;034
7596;49;035
7597;49;036
7598;49;037
7599;49;038
7600;49;039
7601;49;040
7602;49;041
7603;49;042
7604;49;043
7605;49;044
7606;49;046
7607;49;047
7608;49;048
7609;49;050
7610;49;052
7611;49;053
7612;49;054
7613;49;055
7614;49;056
7615;49;057
7616;49;058
7617;49;059
7618;49;061
7619;49;062
7620;49;063
7621;49;064
7622;49;065
7623;49;066
7624;49;067
7625;49;068
7626;49;069
7627;49;071
7628;49;075
7629;49;076
7630;49;077
7631;49;078
7632;49;079
7633;49;080
7634;49;081
7635;49;082
7636;49;083
7637;49;084
7638;49;085
7639;49;086
7640;49;087
7641;49;088
7642;49;090
7643;49;091
7644;49;092
7645;49;093
7646;49;094
7647;49;095
7648;49;096
7649;49;097
7650;49;098
7651;49;099
7652;49;100
7653;49;101
7654;49;102
7655;49;103
7656;49;104
7657;49;105
7658;49;107
7659;49;108
7660;49;109
7661;49;110
7662;49;111
7663;49;112
7664;49;113
7665;49;114
7666;49;115
7667;49;116
7668;49;117
7669;49;118
7670;49;119
7671;49;120
7672;49;121
7673;49;122
7674;49;123
7675;49;124
7676;49;125
7677;49;126
7678;49;127
7679;49;128
7680;49;129
7681;49;130
7682;49;131
7683;49;132
7684;49;133
7685;49;134
7686;49;135
7687;49;136
7688;49;137
7689;49;138
7690;49;139
7691;49;141
7692;49;142
7693;49;143
7694;49;145
7695;49;146
7696;49;147
7697;49;148
7698;49;149
7699;49;150
7700;49;151
7701;49;152
7702;49;153
7703;49;154
7704;49;155
7705;49;156
7706;49;157
7707;49;158
7708;49;159
7709;49;160
7710;49;162
7711;49;163
7712;49;164
7713;49;165
7714;49;166
7715;49;167
7716;49;168
7717;49;169
7718;49;170
7719;49;171
7720;49;172
7721;49;173
7722;49;174
7723;49;175
7724;49;176
7725;49;177
7726;49;178
7727;49;179
7728;49;180
7729;49;181
7730;49;183
7731;49;184
7732;49;185
7733;49;186
7734;49;187
7735;49;188
7736;49;189
7737;49;190
7738;49;191
7739;49;192
7740;49;193
7741;49;194
7742;49;197
7743;49;199
7744;49;200
7745;49;201
7746;49;202
7747;49;203
7748;49;204
7749;49;205
7750;49;206
7751;49;207
7752;49;208
7753;49;209
7754;49;210
7755;49;214
7756;49;216
7757;49;219
7758;49;220
7759;49;221
7760;49;222
7761;49;223
7762;49;224
7763;49;225
7764;49;226
7765;49;227
7766;49;228
7767;49;229
7768;49;230
7769;49;231
7770;49;232
7771;49;233
7772;49;234
7773;49;235
7774;49;236
7775;49;237
7776;49;238
7777;49;239
7778;49;240
7779;49;241
7780;49;242
7781;49;243
7782;49;244
7783;49;245
7784;49;246
7785;49;247
7786;49;248
7787;49;249
7788;49;250
7789;49;251
7790;49;252
7791;49;255
7792;49;256
7793;49;257
7794;49;258
7795;49;259
7796;49;260
7797;49;261
7798;49;262
7799;49;263
7800;49;264
7801;49;265
7802;49;266
7803;49;267
7804;49;268
7805;49;269
7806;49;270
7807;49;271
7808;49;272
7809;49;273
7810;49;275
7811;50;001
7812;50;002
7813;50;003
7814;50;004
7815;50;005
7816;50;006
7817;50;007
7818;50;008
7819;50;009
7820;50;010
7821;50;011
7822;50;012
7823;50;013
7824;50;014
7825;50;015
7826;50;016
7827;50;017
7828;50;018
7829;50;019
7830;50;020
7831;50;021
7832;50;022
7833;50;023
7834;50;024
7835;50;025
7836;50;026
7837;50;027
7838;50;028
7839;50;029
7840;50;030
7841;50;031
7842;50;032
7843;50;033
7844;50;034
7845;50;035
7846;50;036
7847;50;037
7848;50;038
7849;50;039
7850;50;040
7851;50;041
7852;50;042
7853;50;043
7854;50;044
7855;50;045
7856;50;046
7857;50;047
7858;50;048
7859;50;050
7860;50;051
7861;50;052
7862;50;053
7863;50;054
7864;50;055
7865;50;056
7866;50;057
7867;50;058
7868;50;059
7869;50;060
7870;50;061
7871;50;062
7872;50;063
7873;50;064
7874;50;065
7875;50;066
7876;50;067
7877;50;068
7878;50;069
7879;50;070
7880;50;071
7881;50;072
7882;50;073
7883;50;074
7884;50;075
7885;50;076
7886;50;077
7887;50;078
7888;50;079
7889;50;080
7890;50;081
7891;50;082
7892;50;083
7893;50;084
7894;50;085
7895;50;086
7896;50;087
7897;50;088
7898;50;089
7899;50;090
7900;50;091
7901;50;092
7902;50;093
7903;50;094
7904;50;095
7905;50;096
7906;50;098
7907;50;099
7908;50;100
7909;50;101
7910;50;102
7911;50;104
7912;50;105
7913;50;106
7914;50;107
7915;50;108
7916;50;109
7917;50;110
7918;50;111
7919;50;113
7920;50;114
7921;50;115
7922;50;116
7923;50;117
7924;50;118
7925;50;119
7926;50;120
7927;50;121
7928;50;122
7929;50;123
7930;50;124
7931;50;125
7932;50;126
7933;50;128
7934;50;129
7935;50;130
7936;50;131
7937;50;132
7938;50;133
7939;50;134
7940;50;135
7941;50;136
7942;50;137
7943;50;138
7944;50;139
7945;50;140
7946;50;141
7947;50;142
7948;50;143
7949;50;144
7950;50;146
7951;50;147
7952;50;148
7953;50;149
7954;50;150
7955;50;151
7956;50;152
7957;50;153
7958;50;154
7959;50;155
7960;50;156
7961;50;157
7962;50;159
7963;50;160
7964;50;161
7965;50;162
7966;50;163
7967;50;164
7968;50;165
7969;50;166
7970;50;167
7971;50;168
7972;50;169
7973;50;170
7974;50;171
7975;50;172
7976;50;173
7977;50;174
7978;50;175
7979;50;176
7980;50;177
7981;50;178
7982;50;179
7983;50;180
7984;50;181
7985;50;182
7986;50;183
7987;50;184
7988;50;185
7989;50;186
7990;50;187
7991;50;188
7992;50;189
7993;50;190
7994;50;191
7995;50;192
7996;50;193
7997;50;194
7998;50;195
7999;50;196
8000;50;197
8001;50;198
8002;50;199
8003;50;200
8004;50;201
8005;50;202
8006;50;203
8007;50;204
8008;50;205
8009;50;206
8010;50;207
8011;50;208
8012;50;209
8013;50;210
8014;50;211
8015;50;212
8016;50;213
8017;50;214
8018;50;215
8019;50;216
8020;50;217
8021;50;218
8022;50;219
8023;50;220
8024;50;221
8025;50;222
8026;50;223
8027;50;224
8028;50;225
8029;50;227
8030;50;228
8031;50;229
8032;50;230
8033;50;231
8034;50;232
8035;50;233
8036;50;234
8037;50;235
8038;50;236
8039;50;237
8040;50;238
8041;50;239
8042;50;240
8043;50;241
8044;50;242
8045;50;243
8046;50;244
8047;50;245
8048;50;246
8049;50;247
8050;50;248
8051;50;249
8052;50;250
8053;50;251
8054;50;252
8055;50;253
8056;50;254
8057;50;255
8058;50;256
8059;50;257
8060;50;258
8061;50;259
8062;50;260
8063;50;261
8064;50;262
8065;50;263
8066;50;264
8067;50;265
8068;50;266
8069;50;267
8070;50;268
8071;50;269
8072;50;270
8073;50;271
8074;50;272
8075;50;273
8076;50;274
8077;50;275
8078;50;276
8079;50;277
8080;50;278
8081;50;279
8082;50;280
8083;50;281
8084;50;282
8085;50;283
8086;50;284
8087;50;285
8088;50;286
8089;50;287
8090;50;288
8091;50;289
8092;50;290
8093;50;291
8094;50;292
8095;50;293
8096;50;294
8097;50;295
8098;50;296
8099;50;297
8100;50;298
8101;50;901
8102;50;902
8103;51;001
8104;52;001
8105;02;901
8106;06;902
8107;40;906
8108;23;905
8109;46;904
8110;48;915
8111;50;903
8112;38;901
8113;10;903
8114;10;902
8115;29;902
8116;43;907
8117;06;903
8118;10;904
8119;15;902
8120;18;065
8121;18;914
8122;04;904
8123;10;905
8124;18;915
8125;18;106
8126;29;903
8127;29;904
8128;36;902
8129;11;903
8130;14;901
8131;14;902
8132;18;077
8133;18;916
8134;21;902
8135;41;904
8136;48;916
