01;001
01;002
01;003
01;004
01;006
01;008
01;009
01;010
01;011
01;013
01;014
01;016
01;017
01;018
01;019
01;020
01;021
01;022
01;023
01;027
01;028
01;030
01;031
01;032
01;033
01;034
01;036
01;037
01;039
01;041
01;042
01;043
01;044
01;046
01;047
01;049
01;051
01;052
01;053
01;054
01;055
01;056
01;057
01;058
01;059
01;060
01;061
01;062
01;063
01;901
01;902
02;001
02;002
02;003
02;004
02;005
02;006
02;007
02;008
02;009
02;010
02;011
02;012
02;013
02;014
02;015
02;016
02;017
02;018
02;019
02;020
02;021
02;022
02;023
02;024
02;025
02;026
02;027
02;028
02;029
02;030
02;031
02;032
02;033
02;034
02;035
02;036
02;037
02;038
02;039
02;040
02;041
02;042
02;043
02;044
02;045
02;046
02;047
02;048
02;049
02;050
02;051
02;052
02;053
02;054
02;055
02;056
02;057
02;058
02;059
02;060
02;061
02;062
02;063
02;064
02;065
02;066
02;067
02;068
02;069
02;070
02;071
02;072
02;073
02;074
02;075
02;076
02;077
02;078
02;079
02;080
02;081
02;082
02;083
02;084
02;085
02;086
03;001
03;002
03;003
03;004
03;005
03;006
03;007
03;008
03;009
03;010
03;011
03;012
03;013
03;014
03;015
03;016
03;017
03;018
03;019
03;020
03;021
03;022
03;023
03;024
03;025
03;026
03;027
03;028
03;029
03;030
03;031
03;032
03;033
03;034
03;035
03;036
03;037
03;038
03;039
03;040
03;041
03;042
03;043
03;044
03;045
03;046
03;047
03;048
03;049
03;050
03;051
03;052
03;053
03;054
03;055
03;056
03;057
03;058
03;059
03;060
03;061
03;062
03;063
03;064
03;065
03;066
03;067
03;068
03;069
03;070
03;071
03;072
03;073
03;074
03;075
03;076
03;077
03;078
03;079
03;080
03;081
03;082
03;083
03;084
03;085
03;086
03;088
03;089
03;090
03;091
03;092
03;093
03;094
03;095
03;096
03;097
03;098
03;099
03;100
03;101
03;102
03;103
03;104
03;105
03;106
03;107
03;109
03;110
03;111
03;112
03;113
03;114
03;115
03;116
03;117
03;118
03;119
03;120
03;121
03;122
03;123
03;124
03;125
03;127
03;128
03;129
03;130
03;131
03;132
03;133
03;134
03;135
03;136
03;137
03;138
03;139
03;140
03;901
03;902
03;903
03;904
04;001
04;002
04;003
04;004
04;005
04;006
04;007
04;008
04;009
04;010
04;011
04;012
04;013
04;014
04;015
04;016
04;017
04;018
04;019
04;020
04;021
04;022
04;023
04;024
04;026
04;027
04;028
04;029
04;030
04;031
04;032
04;033
04;034
04;035
04;036
04;037
04;038
04;041
04;043
04;044
04;045
04;046
04;047
04;048
04;049
04;050
04;051
04;052
04;053
04;054
04;055
04;056
04;057
04;058
04;059
04;060
04;061
04;062
04;063
04;064
04;065
04;066
04;067
04;068
04;069
04;070
04;071
04;072
04;073
04;074
04;075
04;076
04;077
04;078
04;079
04;080
04;081
04;082
04;083
04;084
04;085
04;086
04;087
04;088
04;089
04;090
04;091
04;092
04;093
04;094
04;095
04;096
04;097
04;098
04;099
04;100
04;101
04;102
04;103
04;901
04;902
04;903
05;001
05;002
05;005
05;007
05;008
05;010
05;012
05;013
05;014
05;015
05;016
05;017
05;018
05;019
05;021
05;022
05;023
05;024
05;025
05;026
05;027
05;029
05;030
05;033
05;034
05;035
05;036
05;037
05;038
05;039
05;040
05;041
05;042
05;043
05;044
05;045
05;046
05;047
05;048
05;049
05;051
05;052
05;053
05;054
05;055
05;056
05;057
05;058
05;059
05;060
05;061
05;062
05;063
05;064
05;065
05;066
05;067
05;069
05;070
05;072
05;073
05;074
05;075
05;076
05;077
05;078
05;079
05;080
05;081
05;082
05;083
05;084
05;085
05;086
05;087
05;088
05;089
05;090
05;092
05;093
05;094
05;095
05;096
05;097
05;099
05;100
05;101
05;102
05;103
05;104
05;105
05;106
05;107
05;108
05;109
05;110
05;112
05;113
05;114
05;115
05;116
05;117
05;118
05;119
05;120
05;121
05;122
05;123
05;124
05;125
05;126
05;127
05;128
05;129
05;130
05;131
05;132
05;133
05;134
05;135
05;136
05;138
05;139
05;140
05;141
05;142
05;143
05;144
05;145
05;147
05;148
05;149
05;151
05;152
05;153
05;154
05;155
05;156
05;157
05;158
05;159
05;160
05;161
05;162
05;163
05;164
05;165
05;166
05;167
05;168
05;169
05;170
05;171
05;172
05;173
05;174
05;175
05;176
05;177
05;178
05;179
05;180
05;181
05;182
05;183
05;184
05;185
05;186
05;187
05;188
05;189
05;190
05;191
05;192
05;193
05;194
05;195
05;196
05;197
05;198
05;199
05;200
05;201
05;204
05;205
05;206
05;207
05;208
05;209
05;210
05;211
05;212
05;213
05;214
05;215
05;216
05;217
05;218
05;219
05;220
05;221
05;222
05;224
05;225
05;226
05;227
05;228
05;229
05;230
05;231
05;232
05;233
05;234
05;235
05;236
05;237
05;238
05;239
05;240
05;241
05;242
05;243
05;244
05;245
05;246
05;247
05;249
05;251
05;252
05;253
05;254
05;256
05;257
05;258
05;259
05;260
05;261
05;262
05;263
05;264
05;265
05;266
05;267
05;901
05;902
05;903
05;904
05;905
06;001
06;002
06;003
06;004
06;005
06;006
06;007
06;008
06;009
06;010
06;011
06;012
06;013
06;014
06;015
06;016
06;017
06;018
06;019
06;020
06;021
06;022
06;023
06;024
06;025
06;026
06;027
06;028
06;029
06;030
06;031
06;032
06;033
06;034
06;035
06;036
06;037
06;038
06;039
06;040
06;041
06;042
06;043
06;044
06;045
06;046
06;047
06;048
06;049
06;050
06;051
06;052
06;053
06;054
06;055
06;056
06;057
06;058
06;059
06;060
06;061
06;062
06;063
06;064
06;065
06;066
06;067
06;068
06;069
06;070
06;071
06;072
06;073
06;074
06;075
06;076
06;077
06;078
06;079
06;080
06;081
06;082
06;083
06;084
06;085
06;086
06;087
06;088
06;089
06;090
06;091
06;092
06;093
06;094
06;095
06;096
06;097
06;098
06;099
06;100
06;101
06;102
06;103
06;104
06;105
06;106
06;107
06;108
06;109
06;110
06;111
06;112
06;113
06;114
06;115
06;116
06;117
06;118
06;119
06;120
06;121
06;122
06;123
06;124
06;125
06;126
06;127
06;128
06;129
06;130
06;131
06;132
06;133
06;134
06;135
06;136
06;137
06;138
06;139
06;140
06;141
06;142
06;143
06;144
06;145
06;146
06;147
06;148
06;149
06;150
06;151
06;152
06;153
06;154
06;155
06;156
06;157
06;158
06;159
06;160
06;161
06;162
06;901
07;001
07;002
07;003
07;004
07;005
07;006
07;007
07;008
07;009
07;010
07;011
07;012
07;013
07;014
07;015
07;016
07;017
07;018
07;019
07;020
07;021
07;022
07;023
07;024
07;025
07;026
07;027
07;028
07;029
07;030
07;031
07;032
07;033
07;034
07;035
07;036
07;037
07;038
07;039
07;040
07;041
07;042
07;043
07;044
07;045
07;046
07;047
07;048
07;049
07;050
07;051
07;052
07;053
07;054
07;055
07;056
07;057
07;058
07;059
07;060
07;061
07;062
07;063
07;064
07;065
07;901
07;902
08;001
08;002
08;003
08;004
08;005
08;006
08;007
08;008
08;009
08;010
08;011
08;012
08;013
08;014
08;015
08;016
08;017
08;018
08;019
08;020
08;021
08;022
08;023
08;024
08;025
08;026
08;027
08;028
08;029
08;030
08;031
08;032
08;033
08;034
08;035
08;036
08;037
08;038
08;039
08;040
08;041
08;042
08;043
08;044
08;045
08;046
08;047
08;048
08;049
08;050
08;051
08;052
08;053
08;054
08;055
08;056
08;057
08;058
08;059
08;060
08;061
08;062
08;063
08;064
08;065
08;066
08;067
08;068
08;069
08;070
08;071
08;072
08;073
08;074
08;075
08;076
08;077
08;078
08;079
08;080
08;081
08;082
08;083
08;084
08;085
08;086
08;087
08;088
08;089
08;090
08;091
08;092
08;093
08;094
08;095
08;096
08;097
08;098
08;099
08;100
08;101
08;102
08;103
08;104
08;105
08;106
08;107
08;108
08;109
08;110
08;111
08;112
08;113
08;114
08;115
08;116
08;117
08;118
08;119
08;120
08;121
08;122
08;123
08;124
08;125
08;126
08;127
08;128
08;129
08;130
08;131
08;132
08;133
08;134
08;135
08;136
08;137
08;138
08;139
08;140
08;141
08;142
08;143
08;144
08;145
08;146
08;147
08;148
08;149
08;150
08;151
08;152
08;153
08;154
08;155
08;156
08;157
08;158
08;159
08;160
08;161
08;162
08;163
08;164
08;165
08;166
08;167
08;168
08;169
08;170
08;171
08;172
08;174
08;175
08;176
08;177
08;178
08;179
08;180
08;181
08;182
08;183
08;184
08;185
08;187
08;188
08;189
08;190
08;191
08;192
08;193
08;194
08;195
08;196
08;197
08;198
08;199
08;200
08;201
08;202
08;203
08;204
08;205
08;206
08;207
08;208
08;209
08;210
08;211
08;212
08;213
08;214
08;215
08;216
08;217
08;218
08;219
08;220
08;221
08;222
08;223
08;224
08;225
08;226
08;227
08;228
08;229
08;230
08;231
08;232
08;233
08;234
08;235
08;236
08;237
08;238
08;239
08;240
08;241
08;242
08;243
08;244
08;245
08;246
08;247
08;248
08;249
08;250
08;251
08;252
08;253
08;254
08;255
08;256
08;257
08;258
08;259
08;260
08;261
08;262
08;263
08;264
08;265
08;266
08;267
08;268
08;269
08;270
08;271
08;272
08;273
08;274
08;275
08;276
08;277
08;278
08;279
08;280
08;281
08;282
08;283
08;284
08;285
08;286
08;287
08;288
08;289
08;290
08;291
08;292
08;293
08;294
08;295
08;296
08;297
08;298
08;299
08;300
08;301
08;302
08;303
08;304
08;305
08;306
08;307
08;308
08;901
08;902
08;903
08;904
08;905
09;001
09;003
09;006
09;007
09;009
09;010
09;011
09;012
09;013
09;014
09;016
09;017
09;018
09;019
09;020
09;021
09;022
09;023
09;024
09;025
09;026
09;027
09;029
09;030
09;032
09;033
09;034
09;035
09;036
09;037
09;038
09;039
09;041
09;043
09;044
09;045
09;046
09;047
09;048
09;050
09;051
09;052
09;054
09;055
09;056
09;057
09;058
09;059
09;060
09;061
09;062
09;063
09;064
09;065
09;066
09;067
09;068
09;070
09;071
09;072
09;073
09;074
09;075
09;076
09;077
09;078
09;079
09;082
09;083
09;084
09;085
09;086
09;088
09;090
09;091
09;093
09;094
09;095
09;098
09;100
09;101
09;102
09;103
09;104
09;105
09;108
09;109
09;110
09;112
09;113
09;114
09;115
09;117
09;119
09;120
09;122
09;123
09;124
09;125
09;127
09;128
09;129
09;130
09;131
09;132
09;133
09;134
09;135
09;136
09;137
09;138
09;139
09;140
09;141
09;143
09;144
09;148
09;149
09;151
09;152
09;154
09;155
09;159
09;160
09;162
09;163
09;164
09;166
09;167
09;168
09;169
09;170
09;172
09;173
09;174
09;175
09;176
09;177
09;178
09;179
09;180
09;181
09;182
09;183
09;184
09;189
09;190
09;191
09;192
09;194
09;195
09;196
09;197
09;198
09;199
09;200
09;201
09;202
09;206
09;208
09;209
09;211
09;213
09;214
09;215
09;216
09;217
09;218
09;219
09;220
09;221
09;223
09;224
09;225
09;226
09;227
09;228
09;229
09;230
09;231
09;232
09;235
09;236
09;238
09;239
09;241
09;242
09;243
09;244
09;246
09;247
09;248
09;249
09;250
09;251
09;253
09;255
09;256
09;257
09;258
09;259
09;261
09;262
09;265
09;266
09;267
09;268
09;269
09;270
09;272
09;273
09;274
09;275
09;276
09;277
09;279
09;280
09;281
09;283
09;287
09;288
09;289
09;292
09;294
09;295
09;297
09;298
09;301
09;302
09;303
09;304
09;306
09;307
09;308
09;309
09;310
09;311
09;312
09;314
09;315
09;316
09;317
09;318
09;321
09;323
09;325
09;326
09;327
09;328
09;329
09;330
09;332
09;334
09;335
09;337
09;338
09;339
09;340
09;343
09;345
09;346
09;347
09;348
09;350
09;351
09;352
09;353
09;354
09;355
09;356
09;358
09;360
09;361
09;362
09;363
09;365
09;366
09;368
09;369
09;372
09;373
09;374
09;375
09;377
09;378
09;380
09;381
09;382
09;384
09;386
09;387
09;388
09;389
09;390
09;391
09;392
09;394
09;395
09;396
09;398
09;400
09;403
09;405
09;406
09;407
09;408
09;409
09;410
09;411
09;412
09;413
09;414
09;415
09;416
09;417
09;418
09;419
09;421
09;422
09;423
09;424
09;425
09;427
09;428
09;429
09;430
09;431
09;432
09;433
09;434
09;437
09;438
09;439
09;440
09;441
09;442
09;443
09;444
09;445
09;446
09;447
09;448
09;449
09;450
09;451
09;454
09;455
09;456
09;458
09;460
09;463
09;464
09;466
09;467
09;471
09;472
09;473
09;476
09;478
09;480
09;482
09;483
09;485
09;901
09;902
09;903
09;904
09;905
09;906
09;907
09;908
10;001
10;002
10;003
10;004
10;005
10;006
10;007
10;008
10;009
10;010
10;011
10;012
10;013
10;014
10;015
10;016
10;017
10;018
10;019
10;020
10;021
10;022
10;023
10;024
10;025
10;026
10;027
10;028
10;029
10;030
10;031
10;032
10;033
10;034
10;035
10;036
10;037
10;038
10;039
10;040
10;041
10;042
10;043
10;044
10;045
10;046
10;047
10;048
10;049
10;050
10;051
10;052
10;053
10;054
10;055
10;056
10;057
10;058
10;059
10;060
10;061
10;062
10;063
10;064
10;065
10;066
10;067
10;068
10;069
10;070
10;071
10;072
10;073
10;075
10;076
10;077
10;078
10;079
10;080
10;081
10;082
10;083
10;084
10;085
10;086
10;087
10;088
10;089
10;090
10;091
10;092
10;093
10;094
10;095
10;096
10;097
10;098
10;099
10;100
10;101
10;102
10;103
10;104
10;105
10;106
10;107
10;108
10;109
10;110
10;111
10;112
10;113
10;114
10;115
10;116
10;117
10;118
10;119
10;120
10;121
10;122
10;123
10;124
10;125
10;126
10;127
10;128
10;129
10;130
10;131
10;132
10;133
10;134
10;135
10;136
10;137
10;138
10;139
10;140
10;141
10;142
10;143
10;144
10;145
10;146
10;147
10;148
10;149
10;150
10;151
10;152
10;153
10;154
10;155
10;156
10;157
10;158
10;159
10;160
10;161
10;162
10;163
10;164
10;165
10;166
10;167
10;168
10;169
10;170
10;171
10;172
10;173
10;174
10;175
10;176
10;177
10;178
10;179
10;180
10;181
10;182
10;183
10;184
10;185
10;186
10;187
10;188
10;189
10;190
10;191
10;192
10;193
10;194
10;195
10;196
10;197
10;198
10;199
10;200
10;201
10;202
10;203
10;204
10;205
10;206
10;207
10;208
10;209
10;210
10;211
10;212
10;213
10;214
10;215
10;216
10;217
10;218
10;219
10;901
11;001
11;002
11;003
11;004
11;005
11;006
11;007
11;008
11;009
11;010
11;011
11;012
11;013
11;014
11;015
11;016
11;017
11;018
11;019
11;020
11;021
11;022
11;023
11;024
11;025
11;026
11;027
11;028
11;029
11;030
11;031
11;032
11;033
11;034
11;035
11;036
11;037
11;038
11;039
11;040
11;041
11;042
11;901
11;902
12;001
12;002
12;003
12;004
12;005
12;006
12;007
12;008
12;009
12;010
12;011
12;012
12;013
12;014
12;015
12;016
12;017
12;018
12;020
12;021
12;022
12;024
12;025
12;026
12;027
12;028
12;029
12;031
12;032
12;033
12;034
12;036
12;037
12;038
12;039
12;040
12;041
12;042
12;043
12;044
12;045
12;046
12;048
12;049
12;050
12;051
12;052
12;053
12;055
12;056
12;057
12;058
12;059
12;060
12;061
12;063
12;064
12;065
12;067
12;068
12;069
12;070
12;071
12;072
12;073
12;074
12;075
12;076
12;077
12;078
12;079
12;080
12;081
12;082
12;083
12;084
12;085
12;087
12;088
12;089
12;090
12;091
12;092
12;093
12;094
12;095
12;096
12;097
12;098
12;099
12;100
12;101
12;102
12;103
12;104
12;105
12;106
12;107
12;108
12;109
12;110
12;111
12;112
12;113
12;114
12;115
12;116
12;117
12;118
12;119
12;120
12;121
12;122
12;123
12;124
12;125
12;126
12;127
12;128
12;129
12;130
12;131
12;132
12;133
12;134
12;135
12;136
12;137
12;138
12;139
12;140
12;141
12;142
12;901
12;902
13;001
13;002
13;003
13;004
13;005
13;006
13;007
13;008
13;009
13;010
13;011
13;012
13;013
13;014
13;015
13;016
13;017
13;018
13;019
13;020
13;021
13;022
13;023
13;024
13;025
13;026
13;027
13;028
13;029
13;030
13;031
13;032
13;033
13;034
13;035
13;036
13;037
13;038
13;039
13;040
13;041
13;042
13;043
13;044
13;045
13;046
13;047
13;048
13;049
13;050
13;051
13;052
13;053
13;054
13;055
13;056
13;057
13;058
13;059
13;060
13;061
13;062
13;063
13;064
13;065
13;066
13;067
13;068
13;069
13;070
13;071
13;072
13;073
13;074
13;075
13;076
13;077
13;078
13;079
13;080
13;081
13;082
13;083
13;084
13;085
13;086
13;087
13;088
13;089
13;090
13;091
13;092
13;093
13;094
13;095
13;096
13;097
13;098
13;901
13;902
13;903
13;904
14;001
14;002
14;003
14;004
14;005
14;006
14;007
14;008
14;009
14;010
14;011
14;012
14;013
14;014
14;015
14;016
14;017
14;018
14;019
14;020
14;021
14;022
14;023
14;024
14;025
14;026
14;027
14;028
14;029
14;030
14;031
14;032
14;033
14;034
14;035
14;036
14;037
14;038
14;039
14;040
14;041
14;042
14;043
14;044
14;045
14;046
14;047
14;048
14;049
14;050
14;051
14;052
14;053
14;054
14;055
14;056
14;057
14;058
14;059
14;060
14;061
14;062
14;063
14;064
14;065
14;066
14;067
14;068
14;069
14;070
14;071
14;072
14;073
14;074
14;075
15;001
15;002
15;003
15;004
15;005
15;006
15;007
15;008
15;009
15;010
15;011
15;012
15;013
15;014
15;015
15;016
15;017
15;018
15;019
15;020
15;021
15;022
15;023
15;024
15;025
15;026
15;027
15;028
15;029
15;030
15;031
15;032
15;033
15;034
15;035
15;036
15;037
15;038
15;039
15;040
15;041
15;042
15;043
15;044
15;045
15;046
15;047
15;048
15;049
15;050
15;051
15;052
15;053
15;054
15;055
15;056
15;057
15;058
15;059
15;060
15;061
15;062
15;063
15;064
15;065
15;066
15;067
15;068
15;069
15;070
15;071
15;072
15;073
15;074
15;075
15;076
15;077
15;078
15;079
15;080
15;081
15;082
15;083
15;084
15;085
15;086
15;087
15;088
15;089
15;090
15;091
15;092
15;093
15;901
16;001
16;002
16;003
16;004
16;005
16;006
16;007
16;008
16;009
16;010
16;011
16;012
16;013
16;014
16;015
16;016
16;017
16;018
16;019
16;020
16;022
16;023
16;024
16;025
16;026
16;027
16;029
16;030
16;031
16;032
16;033
16;034
16;035
16;036
16;038
16;039
16;040
16;041
16;042
16;043
16;044
16;045
16;046
16;047
16;048
16;049
16;050
16;051
16;052
16;053
16;055
16;056
16;057
16;058
16;060
16;061
16;062
16;063
16;064
16;065
16;066
16;067
16;068
16;070
16;071
16;072
16;073
16;074
16;078
16;079
16;081
16;082
16;083
16;084
16;085
16;086
16;087
16;088
16;089
16;091
16;092
16;093
16;094
16;095
16;096
16;097
16;098
16;099
16;100
16;101
16;102
16;103
16;104
16;106
16;107
16;108
16;109
16;110
16;111
16;112
16;113
16;115
16;116
16;117
16;118
16;119
16;121
16;122
16;123
16;124
16;125
16;126
16;128
16;129
16;130
16;131
16;132
16;133
16;134
16;135
16;137
16;139
16;140
16;141
16;142
16;143
16;145
16;146
16;147
16;148
16;149
16;150
16;151
16;152
16;153
16;154
16;155
16;156
16;157
16;158
16;159
16;160
16;161
16;162
16;163
16;165
16;166
16;167
16;169
16;170
16;171
16;172
16;173
16;174
16;175
16;176
16;177
16;181
16;185
16;186
16;187
16;188
16;189
16;190
16;191
16;192
16;193
16;194
16;195
16;196
16;197
16;198
16;199
16;202
16;203
16;204
16;205
16;206
16;209
16;211
16;212
16;213
16;215
16;216
16;217
16;218
16;219
16;224
16;225
16;227
16;228
16;231
16;234
16;236
16;237
16;238
16;239
16;240
16;242
16;243
16;244
16;245
16;246
16;247
16;248
16;249
16;250
16;251
16;253
16;254
16;255
16;258
16;259
16;263
16;264
16;265
16;266
16;269
16;270
16;271
16;272
16;273
16;274
16;275
16;276
16;277
16;278
16;279
16;280
16;901
16;902
16;903
16;904
16;905
16;906
16;908
16;909
16;910
17;001
17;002
17;003
17;004
17;005
17;006
17;007
17;008
17;009
17;010
17;011
17;012
17;013
17;014
17;015
17;016
17;018
17;019
17;020
17;021
17;022
17;023
17;024
17;025
17;026
17;027
17;028
17;029
17;030
17;031
17;032
17;033
17;034
17;035
17;036
17;037
17;038
17;039
17;040
17;041
17;042
17;043
17;044
17;046
17;047
17;048
17;049
17;050
17;051
17;052
17;054
17;055
17;056
17;057
17;058
17;060
17;061
17;062
17;063
17;064
17;065
17;066
17;067
17;068
17;069
17;070
17;071
17;073
17;074
17;075
17;076
17;077
17;078
17;079
17;080
17;081
17;082
17;083
17;084
17;085
17;086
17;087
17;088
17;089
17;090
17;091
17;092
17;093
17;094
17;095
17;096
17;097
17;098
17;099
17;100
17;101
17;102
17;103
17;105
17;106
17;107
17;109
17;110
17;111
17;112
17;114
17;115
17;116
17;117
17;118
17;119
17;120
17;121
17;123
17;124
17;125
17;126
17;128
17;129
17;130
17;132
17;133
17;134
17;135
17;136
17;137
17;138
17;139
17;140
17;141
17;142
17;143
17;144
17;145
17;146
17;147
17;148
17;149
17;150
17;151
17;152
17;153
17;154
17;155
17;157
17;158
17;159
17;160
17;161
17;162
17;163
17;164
17;165
17;166
17;167
17;168
17;169
17;170
17;171
17;172
17;173
17;174
17;175
17;176
17;177
17;178
17;180
17;181
17;182
17;183
17;184
17;185
17;186
17;187
17;188
17;189
17;190
17;191
17;192
17;193
17;194
17;195
17;196
17;197
17;198
17;199
17;200
17;201
17;202
17;203
17;204
17;205
17;206
17;207
17;208
17;209
17;210
17;211
17;212
17;213
17;214
17;215
17;216
17;217
17;218
17;220
17;221
17;222
17;223
17;224
17;225
17;226
17;227
17;228
17;230
17;232
17;233
17;234
17;901
17;902
17;903
18;001
18;002
18;003
18;004
18;005
18;006
18;007
18;010
18;011
18;012
18;013
18;014
18;015
18;016
18;017
18;018
18;020
18;021
18;022
18;023
18;024
18;025
18;027
18;028
18;029
18;030
18;032
18;033
18;034
18;035
18;036
18;037
18;038
18;039
18;040
18;042
18;043
18;044
18;045
18;046
18;047
18;048
18;049
18;050
18;051
18;053
18;054
18;056
18;057
18;059
18;061
18;062
18;063
18;064
18;066
18;067
18;068
18;069
18;070
18;071
18;072
18;074
18;076
18;078
18;079
18;082
18;083
18;084
18;085
18;086
18;087
18;088
18;089
18;093
18;094
18;095
18;096
18;097
18;098
18;099
18;100
18;101
18;102
18;103
18;105
18;107
18;108
18;109
18;111
18;112
18;114
18;115
18;116
18;117
18;119
18;120
18;121
18;122
18;123
18;124
18;126
18;127
18;128
18;132
18;133
18;134
18;135
18;136
18;137
18;138
18;140
18;141
18;143
18;144
18;145
18;146
18;147
18;148
18;149
18;150
18;151
18;152
18;153
18;154
18;157
18;158
18;159
18;161
18;162
18;163
18;164
18;165
18;167
18;168
18;170
18;171
18;173
18;174
18;175
18;176
18;177
18;178
18;179
18;180
18;181
18;182
18;183
18;184
18;185
18;187
18;188
18;189
18;192
18;193
18;194
18;901
18;902
18;903
18;904
18;905
18;906
18;907
18;908
18;909
18;910
18;911
18;912
18;913
19;001
19;002
19;003
19;004
19;005
19;006
19;007
19;008
19;009
19;010
19;011
19;013
19;015
19;016
19;017
19;018
19;019
19;020
19;021
19;022
19;023
19;024
19;027
19;031
19;032
19;033
19;034
19;036
19;037
19;038
19;039
19;040
19;041
19;042
19;043
19;044
19;045
19;046
19;047
19;048
19;049
19;050
19;051
19;052
19;053
19;054
19;055
19;057
19;058
19;059
19;060
19;061
19;064
19;065
19;066
19;067
19;070
19;071
19;073
19;074
19;075
19;076
19;078
19;079
19;080
19;081
19;082
19;086
19;087
19;088
19;089
19;090
19;091
19;092
19;095
19;096
19;097
19;098
19;099
19;102
19;103
19;104
19;105
19;106
19;107
19;108
19;109
19;110
19;111
19;112
19;113
19;114
19;115
19;116
19;117
19;118
19;119
19;120
19;121
19;122
19;123
19;124
19;125
19;126
19;127
19;129
19;130
19;132
19;133
19;134
19;135
19;136
19;138
19;139
19;142
19;143
19;145
19;146
19;147
19;148
19;150
19;151
19;152
19;153
19;154
19;155
19;156
19;157
19;159
19;160
19;161
19;162
19;163
19;165
19;166
19;167
19;168
19;169
19;170
19;171
19;172
19;173
19;174
19;175
19;176
19;177
19;178
19;179
19;181
19;182
19;183
19;184
19;185
19;186
19;187
19;188
19;189
19;190
19;191
19;192
19;193
19;194
19;195
19;196
19;197
19;198
19;199
19;200
19;201
19;202
19;203
19;204
19;208
19;209
19;210
19;211
19;212
19;213
19;214
19;215
19;216
19;217
19;218
19;219
19;220
19;221
19;222
19;223
19;224
19;225
19;226
19;227
19;228
19;229
19;230
19;231
19;232
19;233
19;234
19;235
19;237
19;238
19;239
19;240
19;241
19;242
19;243
19;244
19;245
19;246
19;247
19;248
19;249
19;250
19;251
19;252
19;254
19;255
19;256
19;257
19;258
19;259
19;260
19;261
19;262
19;263
19;264
19;265
19;266
19;267
19;268
19;269
19;270
19;271
19;272
19;274
19;277
19;278
19;279
19;280
19;281
19;282
19;283
19;284
19;285
19;286
19;287
19;288
19;289
19;290
19;291
19;293
19;294
19;296
19;297
19;298
19;299
19;300
19;301
19;302
19;303
19;304
19;305
19;306
19;307
19;308
19;309
19;310
19;311
19;314
19;317
19;318
19;319
19;321
19;322
19;323
19;324
19;325
19;326
19;327
19;329
19;330
19;331
19;332
19;333
19;334
19;335
19;901
20;001
20;002
20;003
20;004
20;005
20;006
20;007
20;008
20;009
20;010
20;011
20;012
20;013
20;014
20;015
20;016
20;017
20;018
20;019
20;020
20;021
20;022
20;023
20;024
20;025
20;026
20;027
20;028
20;029
20;030
20;031
20;032
20;033
20;034
20;035
20;036
20;037
20;038
20;039
20;040
20;041
20;042
20;043
20;044
20;045
20;046
20;047
20;048
20;049
20;050
20;051
20;052
20;053
20;054
20;055
20;056
20;057
20;058
20;059
20;060
20;061
20;062
20;063
20;064
20;065
20;066
20;067
20;068
20;069
20;070
20;071
20;072
20;073
20;074
20;075
20;076
20;077
20;078
20;079
20;080
20;081
20;901
20;902
20;903
20;904
20;905
20;906
20;907
21;001
21;002
21;003
21;004
21;005
21;006
21;007
21;008
21;009
21;010
21;011
21;012
21;013
21;014
21;015
21;016
21;017
21;018
21;019
21;020
21;021
21;022
21;023
21;024
21;025
21;026
21;027
21;028
21;029
21;030
21;031
21;032
21;033
21;034
21;035
21;036
21;037
21;038
21;039
21;040
21;041
21;042
21;043
21;044
21;045
21;046
21;047
21;048
21;049
21;050
21;051
21;052
21;053
21;054
21;055
21;056
21;057
21;058
21;059
21;060
21;061
21;062
21;063
21;064
21;065
21;066
21;067
21;068
21;069
21;070
21;071
21;072
21;073
21;074
21;075
21;076
21;077
21;078
21;079
22;001
22;002
22;003
22;004
22;006
22;007
22;008
22;009
22;011
22;012
22;013
22;014
22;015
22;016
22;017
22;018
22;019
22;020
22;021
22;022
22;023
22;024
22;025
22;027
22;028
22;029
22;032
22;035
22;036
22;037
22;039
22;040
22;041
22;042
22;043
22;044
22;045
22;046
22;047
22;048
22;049
22;050
22;051
22;052
22;053
22;054
22;055
22;057
22;058
22;059
22;060
22;061
22;062
22;063
22;064
22;066
22;067
22;068
22;069
22;072
22;074
22;075
22;076
22;077
22;078
22;079
22;080
22;081
22;082
22;083
22;084
22;085
22;086
22;087
22;088
22;089
22;090
22;094
22;095
22;096
22;099
22;102
22;103
22;105
22;106
22;107
22;109
22;110
22;111
22;112
22;113
22;114
22;115
22;116
22;117
22;119
22;122
22;124
22;125
22;126
22;127
22;128
22;129
22;130
22;131
22;133
22;135
22;136
22;137
22;139
22;141
22;142
22;143
22;144
22;149
22;150
22;151
22;155
22;156
22;157
22;158
22;160
22;162
22;163
22;164
22;165
22;167
22;168
22;170
22;172
22;173
22;174
22;175
22;176
22;177
22;178
22;181
22;182
22;184
22;186
22;187
22;188
22;189
22;190
22;193
22;195
22;197
22;199
22;200
22;201
22;202
22;203
22;204
22;205
22;206
22;207
22;208
22;209
22;212
22;213
22;214
22;215
22;217
22;218
22;220
22;221
22;222
22;223
22;225
22;226
22;227
22;228
22;229
22;230
22;232
22;233
22;234
22;235
22;236
22;239
22;242
22;243
22;244
22;245
22;246
22;247
22;248
22;249
22;250
22;251
22;252
22;253
22;254
22;901
22;902
22;903
22;904
22;905
22;906
22;907
22;908
22;909
23;001
23;002
23;003
23;004
23;005
23;006
23;007
23;008
23;009
23;010
23;011
23;012
23;014
23;015
23;016
23;017
23;018
23;019
23;020
23;021
23;024
23;025
23;026
23;027
23;028
23;029
23;030
23;031
23;032
23;033
23;034
23;035
23;037
23;038
23;039
23;040
23;041
23;042
23;043
23;044
23;045
23;046
23;047
23;048
23;049
23;050
23;051
23;052
23;053
23;054
23;055
23;056
23;057
23;058
23;059
23;060
23;061
23;062
23;063
23;064
23;065
23;066
23;067
23;069
23;070
23;071
23;072
23;073
23;074
23;075
23;076
23;077
23;079
23;080
23;081
23;082
23;084
23;085
23;086
23;087
23;088
23;090
23;091
23;092
23;093
23;094
23;095
23;096
23;097
23;098
23;099
23;101
23;901
23;902
23;903
23;904
24;001
24;002
24;003
24;004
24;005
24;006
24;007
24;008
24;009
24;010
24;011
24;012
24;014
24;015
24;016
24;017
24;018
24;019
24;020
24;021
24;022
24;023
24;024
24;025
24;026
24;027
24;028
24;029
24;030
24;031
24;032
24;033
24;034
24;036
24;037
24;038
24;039
24;040
24;041
24;042
24;043
24;044
24;046
24;047
24;049
24;050
24;051
24;052
24;053
24;054
24;055
24;056
24;057
24;058
24;059
24;060
24;061
24;062
24;063
24;064
24;065
24;066
24;067
24;068
24;069
24;070
24;071
24;073
24;074
24;076
24;077
24;078
24;079
24;080
24;081
24;082
24;083
24;084
24;086
24;087
24;088
24;089
24;090
24;091
24;092
24;093
24;094
24;095
24;096
24;097
24;098
24;099
24;100
24;101
24;102
24;103
24;104
24;105
24;106
24;107
24;108
24;109
24;110
24;112
24;113
24;114
24;115
24;116
24;117
24;118
24;119
24;120
24;121
24;122
24;123
24;124
24;125
24;127
24;129
24;130
24;131
24;132
24;133
24;134
24;136
24;137
24;139
24;141
24;142
24;143
24;144
24;145
24;146
24;148
24;149
24;150
24;151
24;152
24;153
24;154
24;155
24;156
24;157
24;158
24;159
24;160
24;161
24;162
24;163
24;164
24;165
24;166
24;167
24;168
24;169
24;170
24;171
24;172
24;173
24;174
24;175
24;176
24;177
24;178
24;179
24;180
24;181
24;182
24;183
24;184
24;185
24;187
24;188
24;189
24;190
24;191
24;193
24;194
24;196
24;197
24;198
24;199
24;201
24;202
24;203
24;205
24;206
24;207
24;209
24;210
24;211
24;212
24;213
24;214
24;215
24;216
24;217
24;218
24;219
24;221
24;222
24;223
24;224
24;225
24;226
24;227
24;228
24;229
24;230
24;901
24;902
25;001
25;002
25;003
25;004
25;005
25;006
25;007
25;008
25;009
25;010
25;011
25;012
25;013
25;014
25;015
25;016
25;017
25;019
25;020
25;021
25;022
25;023
25;024
25;025
25;027
25;029
25;030
25;031
25;032
25;033
25;034
25;035
25;036
25;037
25;038
25;039
25;040
25;041
25;042
25;043
25;044
25;045
25;046
25;047
25;048
25;049
25;050
25;051
25;052
25;053
25;055
25;056
25;057
25;058
25;059
25;060
25;061
25;062
25;063
25;064
25;067
25;068
25;069
25;070
25;071
25;072
25;073
25;074
25;075
25;076
25;077
25;078
25;079
25;081
25;082
25;085
25;086
25;087
25;088
25;089
25;092
25;093
25;094
25;096
25;097
25;098
25;099
25;100
25;101
25;102
25;103
25;104
25;105
25;109
25;110
25;111
25;112
25;113
25;114
25;115
25;118
25;119
25;120
25;121
25;122
25;123
25;124
25;125
25;126
25;127
25;128
25;129
25;130
25;131
25;132
25;133
25;134
25;135
25;136
25;137
25;138
25;139
25;140
25;141
25;142
25;143
25;145
25;146
25;148
25;149
25;150
25;151
25;152
25;153
25;154
25;155
25;156
25;157
25;158
25;161
25;163
25;164
25;165
25;166
25;167
25;168
25;169
25;170
25;171
25;172
25;173
25;174
25;175
25;176
25;177
25;179
25;180
25;181
25;182
25;183
25;185
25;186
25;189
25;190
25;191
25;192
25;193
25;194
25;196
25;197
25;200
25;201
25;202
25;203
25;204
25;205
25;206
25;207
25;208
25;209
25;210
25;211
25;212
25;215
25;216
25;217
25;218
25;219
25;220
25;221
25;222
25;223
25;224
25;225
25;226
25;227
25;228
25;230
25;231
25;232
25;233
25;234
25;238
25;239
25;240
25;242
25;243
25;244
25;245
25;247
25;248
25;249
25;250
25;251
25;252
25;253
25;254
25;255
25;901
25;902
25;903
25;904
25;905
25;906
25;907
25;908
25;909
25;910
25;911
25;912
25;913
26;001
26;002
26;003
26;004
26;005
26;006
26;007
26;008
26;009
26;010
26;011
26;012
26;013
26;014
26;015
26;016
26;017
26;018
26;019
26;020
26;021
26;022
26;023
26;024
26;025
26;026
26;027
26;028
26;029
26;030
26;031
26;032
26;033
26;034
26;035
26;036
26;037
26;038
26;039
26;040
26;041
26;042
26;043
26;044
26;045
26;046
26;047
26;048
26;049
26;050
26;051
26;052
26;053
26;054
26;055
26;056
26;057
26;058
26;059
26;060
26;061
26;062
26;063
26;064
26;065
26;066
26;067
26;068
26;069
26;070
26;071
26;072
26;073
26;074
26;075
26;076
26;077
26;078
26;079
26;080
26;081
26;082
26;083
26;084
26;086
26;087
26;088
26;089
26;091
26;092
26;093
26;094
26;095
26;096
26;098
26;099
26;100
26;101
26;102
26;103
26;104
26;105
26;106
26;107
26;108
26;109
26;110
26;111
26;112
26;113
26;114
26;115
26;117
26;118
26;119
26;120
26;121
26;122
26;123
26;124
26;125
26;126
26;127
26;128
26;129
26;130
26;131
26;132
26;134
26;135
26;136
26;138
26;139
26;140
26;141
26;142
26;143
26;144
26;145
26;146
26;147
26;148
26;149
26;150
26;151
26;152
26;153
26;154
26;155
26;157
26;158
26;160
26;161
26;162
26;163
26;164
26;165
26;166
26;167
26;168
26;169
26;170
26;171
26;172
26;173
26;174
26;175
26;176
26;177
26;178
26;179
26;180
26;181
26;183
27;001
27;002
27;003
27;004
27;005
27;006
27;007
27;008
27;009
27;010
27;011
27;012
27;013
27;014
27;015
27;016
27;017
27;018
27;019
27;020
27;021
27;022
27;023
27;024
27;025
27;026
27;027
27;028
27;029
27;030
27;031
27;032
27;033
27;034
27;035
27;037
27;038
27;039
27;040
27;041
27;042
27;043
27;044
27;045
27;046
27;047
27;048
27;049
27;050
27;051
27;052
27;053
27;054
27;055
27;056
27;057
27;058
27;059
27;060
27;061
27;062
27;063
27;064
27;065
27;066
27;901
27;902
28;001
28;002
28;003
28;004
28;005
28;006
28;007
28;008
28;009
28;010
28;011
28;012
28;013
28;014
28;015
28;016
28;017
28;018
28;019
28;020
28;021
28;022
28;023
28;024
28;025
28;026
28;027
28;028
28;029
28;030
28;031
28;032
28;033
28;034
28;035
28;036
28;037
28;038
28;039
28;040
28;041
28;042
28;043
28;044
28;045
28;046
28;047
28;048
28;049
28;050
28;051
28;052
28;053
28;054
28;055
28;056
28;057
28;058
28;059
28;060
28;061
28;062
28;063
28;064
28;065
28;066
28;067
28;068
28;069
28;070
28;071
28;072
28;073
28;074
28;075
28;076
28;078
28;079
28;080
28;082
28;083
28;084
28;085
28;086
28;087
28;088
28;089
28;090
28;091
28;092
28;093
28;094
28;095
28;096
28;097
28;099
28;100
28;101
28;102
28;104
28;106
28;107
28;108
28;109
28;110
28;111
28;112
28;113
28;114
28;115
28;116
28;117
28;118
28;119
28;120
28;121
28;122
28;123
28;124
28;125
28;126
28;127
28;128
28;129
28;130
28;131
28;132
28;133
28;134
28;135
28;136
28;137
28;138
28;140
28;141
28;143
28;144
28;145
28;146
28;147
28;148
28;149
28;150
28;151
28;152
28;153
28;154
28;155
28;156
28;157
28;158
28;159
28;160
28;161
28;162
28;163
28;164
28;165
28;166
28;167
28;168
28;169
28;170
28;171
28;172
28;173
28;174
28;175
28;176
28;177
28;178
28;179
28;180
28;181
28;182
28;183
28;901
28;902
28;903
29;001
29;002
29;003
29;004
29;005
29;006
29;007
29;008
29;009
29;010
29;011
29;012
29;013
29;014
29;015
29;016
29;017
29;018
29;019
29;020
29;021
29;022
29;023
29;024
29;025
29;026
29;027
29;028
29;029
29;030
29;031
29;032
29;033
29;034
29;035
29;036
29;037
29;038
29;039
29;040
29;041
29;042
29;043
29;044
29;045
29;046
29;047
29;048
29;049
29;050
29;051
29;052
29;053
29;054
29;055
29;056
29;057
29;058
29;059
29;060
29;061
29;062
29;063
29;064
29;065
29;066
29;067
29;068
29;069
29;070
29;071
29;072
29;073
29;074
29;075
29;076
29;077
29;079
29;080
29;081
29;082
29;083
29;084
29;085
29;086
29;087
29;088
29;089
29;090
29;091
29;092
29;093
29;094
29;095
29;096
29;097
29;098
29;099
29;100
29;901
30;001
30;002
30;003
30;004
30;005
30;006
30;007
30;008
30;009
30;010
30;011
30;012
30;013
30;014
30;015
30;016
30;017
30;018
30;019
30;020
30;021
30;022
30;023
30;024
30;025
30;026
30;027
30;028
30;029
30;030
30;031
30;032
30;033
30;034
30;035
30;036
30;037
30;038
30;039
30;040
30;041
30;042
30;043
30;901
30;902
31;001
31;002
31;003
31;004
31;005
31;006
31;007
31;008
31;009
31;010
31;011
31;012
31;013
31;014
31;015
31;016
31;017
31;018
31;019
31;020
31;021
31;022
31;023
31;024
31;025
31;026
31;027
31;028
31;029
31;030
31;031
31;032
31;033
31;034
31;035
31;036
31;037
31;038
31;039
31;040
31;041
31;042
31;043
31;044
31;045
31;046
31;047
31;048
31;049
31;050
31;051
31;052
31;053
31;054
31;055
31;056
31;057
31;058
31;059
31;060
31;061
31;062
31;063
31;064
31;065
31;066
31;067
31;068
31;069
31;070
31;071
31;072
31;073
31;074
31;075
31;076
31;077
31;078
31;079
31;080
31;081
31;082
31;083
31;084
31;085
31;086
31;087
31;088
31;089
31;090
31;091
31;092
31;093
31;094
31;095
31;096
31;097
31;098
31;099
31;100
31;101
31;102
31;103
31;104
31;105
31;106
31;107
31;108
31;109
31;110
31;111
31;112
31;113
31;114
31;115
31;116
31;117
31;118
31;119
31;120
31;121
31;122
31;123
31;124
31;125
31;126
31;127
31;128
31;129
31;130
31;131
31;132
31;133
31;134
31;135
31;136
31;137
31;138
31;139
31;140
31;141
31;142
31;143
31;144
31;145
31;146
31;147
31;148
31;149
31;150
31;151
31;152
31;153
31;154
31;155
31;156
31;157
31;158
31;159
31;160
31;161
31;162
31;163
31;164
31;165
31;166
31;167
31;168
31;169
31;170
31;171
31;172
31;173
31;174
31;175
31;176
31;177
31;178
31;179
31;180
31;181
31;182
31;183
31;184
31;185
31;186
31;187
31;188
31;189
31;190
31;191
31;192
31;193
31;194
31;195
31;196
31;197
31;198
31;199
31;200
31;201
31;202
31;203
31;204
31;205
31;206
31;207
31;208
31;209
31;210
31;211
31;212
31;213
31;214
31;215
31;216
31;217
31;219
31;220
31;221
31;222
31;223
31;224
31;225
31;226
31;227
31;228
31;229
31;230
31;231
31;232
31;233
31;234
31;235
31;236
31;237
31;238
31;239
31;240
31;241
31;242
31;243
31;244
31;245
31;246
31;247
31;248
31;249
31;250
31;251
31;252
31;253
31;254
31;255
31;256
31;257
31;258
31;259
31;260
31;261
31;262
31;263
31;264
31;265
31;901
31;902
31;903
31;904
31;905
31;906
31;907
31;908
32;001
32;002
32;003
32;004
32;005
32;006
32;007
32;008
32;009
32;010
32;011
32;012
32;013
32;014
32;015
32;016
32;017
32;018
32;019
32;020
32;021
32;022
32;023
32;024
32;025
32;026
32;027
32;028
32;029
32;030
32;031
32;032
32;033
32;034
32;035
32;036
32;037
32;038
32;039
32;040
32;041
32;042
32;043
32;044
32;045
32;046
32;047
32;048
32;049
32;050
32;051
32;052
32;053
32;054
32;055
32;056
32;057
32;058
32;059
32;060
32;061
32;062
32;063
32;064
32;065
32;066
32;067
32;068
32;069
32;070
32;071
32;072
32;073
32;074
32;075
32;076
32;077
32;078
32;079
32;080
32;081
32;082
32;083
32;084
32;085
32;086
32;087
32;088
32;089
32;090
32;091
32;092
33;001
33;002
33;003
33;004
33;005
33;006
33;007
33;008
33;009
33;010
33;011
33;012
33;013
33;014
33;015
33;016
33;017
33;018
33;019
33;020
33;021
33;022
33;023
33;024
33;025
33;026
33;027
33;028
33;029
33;030
33;031
33;032
33;033
33;034
33;035
33;036
33;037
33;038
33;039
33;040
33;041
33;042
33;043
33;044
33;045
33;046
33;047
33;048
33;049
33;050
33;051
33;052
33;053
33;054
33;055
33;056
33;057
33;058
33;059
33;060
33;061
33;062
33;063
33;064
33;065
33;066
33;067
33;068
33;069
33;070
33;071
33;072
33;073
33;074
33;075
33;076
33;077
33;078
34;001
34;003
34;004
34;005
34;006
34;009
34;010
34;011
34;012
34;015
34;017
34;018
34;019
34;020
34;022
34;023
34;024
34;025
34;027
34;028
34;029
34;031
34;032
34;033
34;034
34;035
34;036
34;037
34;038
34;039
34;041
34;042
34;045
34;046
34;047
34;048
34;049
34;050
34;051
34;052
34;053
34;055
34;056
34;057
34;058
34;059
34;060
34;061
34;062
34;063
34;066
34;067
34;068
34;069
34;070
34;071
34;072
34;073
34;074
34;076
34;077
34;079
34;080
34;081
34;082
34;083
34;084
34;086
34;087
34;088
34;089
34;091
34;092
34;093
34;094
34;096
34;098
34;099
34;100
34;101
34;102
34;103
34;104
34;106
34;107
34;108
34;109
34;110
34;112
34;113
34;114
34;116
34;120
34;121
34;122
34;123
34;124
34;125
34;126
34;127
34;129
34;130
34;131
34;132
34;133
34;134
34;135
34;136
34;137
34;139
34;140
34;141
34;143
34;146
34;147
34;149
34;151
34;152
34;154
34;155
34;156
34;157
34;158
34;159
34;160
34;161
34;163
34;165
34;167
34;168
34;169
34;170
34;171
34;174
34;175
34;176
34;177
34;178
34;179
34;180
34;181
34;182
34;184
34;185
34;186
34;189
34;190
34;192
34;196
34;199
34;201
34;202
34;204
34;205
34;206
34;208
34;210
34;211
34;213
34;214
34;215
34;216
34;217
34;218
34;220
34;221
34;222
34;223
34;224
34;225
34;227
34;228
34;229
34;230
34;231
34;232
34;233
34;234
34;236
34;237
34;238
34;240
34;241
34;242
34;243
34;245
34;246
34;901
34;902
34;903
34;904
35;001
35;002
35;003
35;004
35;005
35;006
35;007
35;008
35;009
35;010
35;011
35;012
35;013
35;014
35;015
35;016
35;017
35;018
35;019
35;020
35;021
35;022
35;023
35;024
35;025
35;026
35;027
35;028
35;029
35;030
35;031
35;032
35;033
35;034
36;001
36;002
36;003
36;004
36;005
36;006
36;007
36;008
36;009
36;010
36;011
36;012
36;013
36;014
36;015
36;016
36;017
36;018
36;019
36;020
36;021
36;022
36;023
36;024
36;025
36;026
36;027
36;028
36;029
36;030
36;031
36;032
36;033
36;034
36;035
36;036
36;037
36;038
36;039
36;040
36;041
36;042
36;043
36;044
36;045
36;046
36;047
36;048
36;049
36;050
36;051
36;052
36;053
36;054
36;055
36;056
36;057
36;058
36;059
36;060
36;061
36;901
37;001
37;002
37;003
37;004
37;005
37;006
37;007
37;008
37;009
37;010
37;011
37;012
37;013
37;014
37;015
37;016
37;017
37;018
37;019
37;020
37;021
37;022
37;023
37;024
37;025
37;026
37;027
37;028
37;029
37;030
37;031
37;032
37;033
37;034
37;035
37;036
37;037
37;038
37;039
37;040
37;041
37;042
37;044
37;045
37;046
37;047
37;049
37;050
37;051
37;052
37;054
37;055
37;056
37;057
37;058
37;059
37;060
37;061
37;062
37;063
37;065
37;067
37;068
37;069
37;070
37;071
37;072
37;073
37;074
37;077
37;078
37;079
37;080
37;081
37;082
37;083
37;085
37;086
37;087
37;088
37;089
37;090
37;091
37;092
37;096
37;097
37;098
37;099
37;100
37;101
37;102
37;103
37;104
37;106
37;107
37;108
37;109
37;110
37;112
37;113
37;114
37;115
37;116
37;117
37;118
37;119
37;120
37;121
37;122
37;123
37;124
37;125
37;126
37;127
37;128
37;129
37;130
37;131
37;132
37;133
37;134
37;135
37;136
37;137
37;138
37;139
37;140
37;141
37;142
37;143
37;144
37;145
37;146
37;147
37;148
37;149
37;150
37;151
37;152
37;154
37;155
37;156
37;157
37;158
37;159
37;160
37;161
37;162
37;163
37;164
37;165
37;166
37;167
37;168
37;169
37;170
37;171
37;172
37;173
37;174
37;175
37;176
37;177
37;178
37;179
37;180
37;181
37;182
37;183
37;184
37;185
37;186
37;187
37;188
37;189
37;190
37;191
37;192
37;193
37;194
37;195
37;196
37;197
37;198
37;199
37;200
37;201
37;202
37;203
37;204
37;205
37;206
37;207
37;208
37;209
37;211
37;212
37;213
37;214
37;215
37;216
37;217
37;218
37;219
37;221
37;222
37;223
37;224
37;225
37;226
37;228
37;229
37;230
37;231
37;232
37;233
37;234
37;235
37;236
37;237
37;238
37;239
37;240
37;241
37;242
37;243
37;244
37;245
37;246
37;247
37;248
37;249
37;250
37;251
37;252
37;253
37;254
37;255
37;256
37;257
37;258
37;259
37;260
37;261
37;262
37;263
37;264
37;265
37;266
37;267
37;268
37;269
37;270
37;271
37;272
37;273
37;274
37;275
37;276
37;277
37;278
37;279
37;280
37;281
37;282
37;283
37;284
37;285
37;286
37;287
37;288
37;289
37;290
37;291
37;292
37;293
37;294
37;296
37;297
37;298
37;299
37;300
37;301
37;302
37;303
37;304
37;305
37;306
37;307
37;309
37;310
37;311
37;312
37;313
37;314
37;315
37;316
37;317
37;318
37;319
37;320
37;321
37;322
37;323
37;324
37;325
37;327
37;328
37;329
37;330
37;331
37;332
37;333
37;334
37;335
37;336
37;337
37;338
37;339
37;340
37;341
37;342
37;343
37;344
37;345
37;346
37;347
37;348
37;349
37;350
37;351
37;352
37;353
37;354
37;355
37;356
37;357
37;358
37;359
37;360
37;361
37;362
37;363
37;364
37;365
37;366
37;367
37;368
37;369
37;370
37;371
37;372
37;373
37;374
37;375
37;376
37;377
37;378
37;379
37;380
37;381
37;382
38;001
38;002
38;003
38;004
38;005
38;006
38;007
38;008
38;009
38;010
38;011
38;012
38;013
38;014
38;015
38;016
38;017
38;018
38;019
38;020
38;021
38;022
38;023
38;024
38;025
38;026
38;027
38;028
38;029
38;030
38;031
38;032
38;033
38;034
38;035
38;036
38;037
38;038
38;039
38;040
38;041
38;042
38;043
38;044
38;045
38;046
38;047
38;048
38;049
38;050
38;051
38;052
38;053
39;001
39;002
39;003
39;004
39;005
39;006
39;007
39;008
39;009
39;010
39;011
39;012
39;013
39;014
39;015
39;016
39;017
39;018
39;019
39;020
39;021
39;022
39;023
39;024
39;025
39;026
39;027
39;028
39;029
39;030
39;031
39;032
39;033
39;034
39;035
39;036
39;037
39;038
39;039
39;040
39;041
39;042
39;043
39;044
39;045
39;046
39;047
39;048
39;049
39;050
39;051
39;052
39;053
39;054
39;055
39;056
39;057
39;058
39;059
39;060
39;061
39;062
39;063
39;064
39;065
39;066
39;067
39;068
39;069
39;070
39;071
39;072
39;073
39;074
39;075
39;076
39;077
39;078
39;079
39;080
39;081
39;082
39;083
39;084
39;085
39;086
39;087
39;088
39;089
39;090
39;091
39;092
39;093
39;094
39;095
39;096
39;097
39;098
39;099
39;100
39;101
39;102
40;001
40;002
40;003
40;004
40;005
40;006
40;007
40;008
40;009
40;010
40;012
40;013
40;014
40;015
40;016
40;017
40;018
40;019
40;020
40;021
40;022
40;024
40;025
40;026
40;028
40;029
40;030
40;031
40;032
40;033
40;034
40;035
40;036
40;037
40;039
40;040
40;041
40;043
40;044
40;045
40;046
40;047
40;048
40;049
40;051
40;052
40;053
40;054
40;055
40;056
40;057
40;058
40;059
40;060
40;061
40;062
40;063
40;065
40;068
40;069
40;070
40;071
40;072
40;073
40;074
40;075
40;076
40;077
40;078
40;079
40;080
40;081
40;082
40;083
40;084
40;086
40;087
40;088
40;089
40;091
40;092
40;093
40;094
40;095
40;097
40;099
40;100
40;101
40;103
40;104
40;105
40;106
40;107
40;108
40;109
40;110
40;111
40;112
40;113
40;115
40;118
40;119
40;120
40;121
40;122
40;123
40;124
40;125
40;126
40;127
40;128
40;129
40;130
40;131
40;132
40;134
40;135
40;136
40;138
40;139
40;140
40;141
40;142
40;143
40;144
40;145
40;146
40;148
40;149
40;150
40;151
40;152
40;154
40;155
40;156
40;157
40;158
40;159
40;160
40;161
40;162
40;163
40;164
40;165
40;166
40;168
40;170
40;171
40;172
40;173
40;174
40;176
40;177
40;178
40;179
40;180
40;181
40;182
40;183
40;184
40;185
40;186
40;188
40;189
40;190
40;191
40;192
40;193
40;194
40;195
40;196
40;198
40;199
40;200
40;201
40;202
40;203
40;204
40;205
40;206
40;207
40;208
40;210
40;211
40;212
40;213
40;214
40;215
40;216
40;218
40;219
40;220
40;221
40;222
40;223
40;224
40;225
40;228
40;229
40;230
40;231
40;233
40;234
40;901
40;902
40;903
40;904
40;905
41;001
41;002
41;003
41;004
41;005
41;006
41;007
41;008
41;009
41;010
41;011
41;012
41;013
41;014
41;015
41;016
41;017
41;018
41;019
41;020
41;021
41;022
41;023
41;024
41;025
41;026
41;027
41;028
41;029
41;030
41;031
41;032
41;033
41;034
41;035
41;036
41;037
41;038
41;039
41;040
41;041
41;042
41;043
41;044
41;045
41;046
41;047
41;048
41;049
41;050
41;051
41;052
41;053
41;054
41;055
41;056
41;057
41;058
41;059
41;060
41;061
41;062
41;063
41;064
41;065
41;066
41;067
41;068
41;069
41;070
41;071
41;072
41;073
41;074
41;075
41;076
41;077
41;078
41;079
41;080
41;081
41;082
41;083
41;084
41;085
41;086
41;087
41;088
41;089
41;090
41;091
41;092
41;093
41;094
41;095
41;096
41;097
41;098
41;099
41;100
41;101
41;102
41;901
41;902
41;903
42;001
42;003
42;004
42;006
42;007
42;008
42;009
42;010
42;011
42;012
42;013
42;014
42;015
42;016
42;017
42;018
42;019
42;020
42;021
42;022
42;023
42;024
42;025
42;026
42;027
42;028
42;029
42;030
42;031
42;032
42;033
42;034
42;035
42;036
42;037
42;038
42;039
42;041
42;042
42;043
42;044
42;045
42;046
42;048
42;049
42;050
42;051
42;052
42;053
42;054
42;055
42;056
42;057
42;058
42;059
42;060
42;061
42;062
42;063
42;064
42;065
42;068
42;069
42;070
42;071
42;073
42;075
42;076
42;078
42;079
42;080
42;081
42;082
42;083
42;084
42;085
42;086
42;087
42;088
42;089
42;090
42;092
42;093
42;094
42;095
42;096
42;097
42;098
42;100
42;103
42;105
42;106
42;107
42;108
42;110
42;111
42;113
42;115
42;116
42;117
42;118
42;119
42;120
42;121
42;123
42;124
42;125
42;127
42;128
42;129
42;130
42;131
42;132
42;134
42;135
42;139
42;140
42;141
42;142
42;144
42;145
42;148
42;149
42;151
42;152
42;153
42;154
42;155
42;156
42;157
42;158
42;159
42;160
42;161
42;162
42;163
42;164
42;165
42;166
42;167
42;168
42;171
42;172
42;173
42;174
42;175
42;176
42;177
42;178
42;181
42;182
42;183
42;184
42;185
42;187
42;188
42;189
42;190
42;191
42;192
42;193
42;194
42;195
42;196
42;197
42;198
42;200
42;201
42;202
42;204
42;205
42;206
42;207
42;208
42;209
42;211
42;212
42;213
42;215
42;216
42;217
42;218
42;219
43;001
43;002
43;003
43;004
43;005
43;006
43;007
43;008
43;009
43;010
43;011
43;012
43;013
43;014
43;015
43;016
43;017
43;018
43;019
43;020
43;021
43;022
43;023
43;024
43;025
43;026
43;027
43;028
43;029
43;030
43;031
43;032
43;033
43;034
43;035
43;036
43;037
43;038
43;039
43;040
43;041
43;042
43;043
43;044
43;045
43;046
43;047
43;048
43;049
43;050
43;051
43;052
43;053
43;054
43;055
43;056
43;057
43;058
43;059
43;060
43;061
43;062
43;063
43;064
43;065
43;066
43;067
43;068
43;069
43;070
43;071
43;072
43;073
43;074
43;075
43;076
43;077
43;078
43;079
43;080
43;081
43;082
43;083
43;084
43;085
43;086
43;088
43;089
43;090
43;091
43;092
43;093
43;094
43;095
43;096
43;097
43;098
43;099
43;100
43;101
43;102
43;103
43;104
43;105
43;106
43;107
43;108
43;109
43;110
43;111
43;112
43;113
43;114
43;115
43;116
43;117
43;118
43;119
43;120
43;121
43;122
43;123
43;124
43;125
43;126
43;127
43;128
43;129
43;130
43;131
43;132
43;133
43;134
43;135
43;136
43;137
43;138
43;139
43;140
43;141
43;142
43;143
43;144
43;145
43;146
43;147
43;148
43;149
43;150
43;151
43;152
43;153
43;154
43;155
43;156
43;157
43;158
43;159
43;160
43;161
43;162
43;163
43;164
43;165
43;166
43;167
43;168
43;169
43;170
43;171
43;172
43;173
43;174
43;175
43;176
43;177
43;178
43;901
43;902
43;903
43;904
43;905
43;906
44;001
44;002
44;003
44;004
44;005
44;006
44;007
44;008
44;009
44;010
44;011
44;012
44;013
44;014
44;016
44;017
44;018
44;019
44;020
44;021
44;022
44;023
44;024
44;025
44;026
44;027
44;028
44;029
44;031
44;032
44;033
44;034
44;035
44;036
44;037
44;038
44;039
44;040
44;041
44;042
44;043
44;044
44;045
44;046
44;047
44;048
44;049
44;050
44;051
44;052
44;053
44;054
44;055
44;056
44;059
44;060
44;061
44;062
44;063
44;064
44;065
44;066
44;067
44;068
44;070
44;071
44;074
44;075
44;076
44;077
44;080
44;082
44;084
44;085
44;086
44;087
44;088
44;089
44;090
44;092
44;093
44;094
44;096
44;097
44;099
44;100
44;101
44;102
44;103
44;105
44;106
44;107
44;108
44;109
44;110
44;111
44;112
44;113
44;114
44;115
44;116
44;117
44;118
44;119
44;120
44;121
44;122
44;123
44;124
44;125
44;126
44;127
44;128
44;129
44;130
44;131
44;132
44;133
44;135
44;136
44;137
44;138
44;141
44;142
44;143
44;144
44;145
44;146
44;147
44;148
44;149
44;150
44;151
44;152
44;153
44;154
44;155
44;156
44;157
44;158
44;159
44;160
44;161
44;163
44;164
44;165
44;167
44;168
44;169
44;171
44;172
44;173
44;174
44;175
44;176
44;177
44;178
44;179
44;180
44;181
44;182
44;183
44;184
44;185
44;187
44;189
44;190
44;191
44;192
44;193
44;194
44;195
44;196
44;197
44;198
44;199
44;200
44;201
44;203
44;204
44;205
44;206
44;207
44;208
44;209
44;210
44;211
44;212
44;213
44;215
44;216
44;217
44;218
44;219
44;220
44;221
44;222
44;223
44;224
44;225
44;226
44;227
44;228
44;229
44;230
44;231
44;232
44;234
44;235
44;236
44;237
44;238
44;239
44;240
44;241
44;243
44;244
44;245
44;246
44;247
44;249
44;250
44;251
44;252
44;256
44;257
44;258
44;260
44;261
44;262
44;263
44;264
44;265
44;266
44;267
44;268
45;001
45;002
45;003
45;004
45;005
45;006
45;007
45;008
45;009
45;010
45;011
45;012
45;013
45;014
45;015
45;016
45;017
45;018
45;019
45;020
45;021
45;022
45;023
45;024
45;025
45;026
45;027
45;028
45;029
45;030
45;031
45;032
45;033
45;034
45;035
45;036
45;037
45;038
45;039
45;040
45;041
45;042
45;043
45;045
45;046
45;047
45;048
45;049
45;050
45;051
45;052
45;053
45;054
45;055
45;056
45;057
45;058
45;059
45;060
45;061
45;062
45;063
45;064
45;065
45;066
45;067
45;068
45;069
45;070
45;071
45;072
45;073
45;074
45;075
45;076
45;077
45;078
45;079
45;080
45;081
45;082
45;083
45;084
45;085
45;086
45;087
45;088
45;089
45;090
45;091
45;092
45;093
45;094
45;095
45;096
45;097
45;098
45;099
45;100
45;101
45;102
45;103
45;104
45;105
45;106
45;107
45;108
45;109
45;110
45;111
45;112
45;113
45;114
45;115
45;116
45;117
45;118
45;119
45;120
45;121
45;122
45;123
45;124
45;125
45;126
45;127
45;128
45;129
45;130
45;131
45;132
45;133
45;134
45;135
45;136
45;137
45;138
45;139
45;140
45;141
45;142
45;143
45;144
45;145
45;146
45;147
45;148
45;149
45;150
45;151
45;152
45;153
45;154
45;155
45;156
45;157
45;158
45;159
45;160
45;161
45;162
45;163
45;164
45;165
45;166
45;167
45;168
45;169
45;170
45;171
45;172
45;173
45;174
45;175
45;176
45;177
45;179
45;180
45;181
45;182
45;183
45;184
45;185
45;186
45;187
45;188
45;189
45;190
45;191
45;192
45;193
45;194
45;195
45;196
45;197
45;198
45;199
45;200
45;201
45;202
45;203
45;204
45;205
45;901
46;001
46;002
46;003
46;004
46;005
46;006
46;007
46;008
46;009
46;010
46;011
46;012
46;013
46;014
46;015
46;016
46;017
46;018
46;019
46;020
46;021
46;022
46;023
46;024
46;025
46;026
46;027
46;028
46;029
46;030
46;031
46;032
46;033
46;034
46;035
46;036
46;037
46;038
46;039
46;040
46;041
46;042
46;043
46;044
46;045
46;046
46;047
46;048
46;049
46;050
46;051
46;052
46;053
46;054
46;055
46;056
46;057
46;058
46;059
46;060
46;061
46;062
46;063
46;064
46;065
46;066
46;067
46;068
46;069
46;070
46;071
46;072
46;073
46;074
46;075
46;076
46;077
46;078
46;079
46;080
46;081
46;082
46;083
46;084
46;085
46;086
46;087
46;088
46;089
46;090
46;091
46;092
46;093
46;094
46;095
46;096
46;097
46;098
46;099
46;100
46;101
46;102
46;103
46;104
46;105
46;106
46;107
46;108
46;109
46;110
46;111
46;112
46;113
46;114
46;115
46;116
46;117
46;118
46;119
46;120
46;121
46;122
46;123
46;124
46;125
46;126
46;127
46;128
46;129
46;130
46;131
46;132
46;133
46;134
46;135
46;136
46;137
46;138
46;139
46;140
46;141
46;142
46;143
46;144
46;145
46;146
46;147
46;148
46;149
46;150
46;151
46;152
46;153
46;154
46;155
46;156
46;157
46;158
46;159
46;160
46;161
46;162
46;163
46;164
46;165
46;166
46;167
46;168
46;169
46;170
46;171
46;172
46;173
46;174
46;175
46;176
46;177
46;178
46;179
46;180
46;181
46;182
46;183
46;184
46;185
46;186
46;187
46;188
46;189
46;190
46;191
46;192
46;193
46;194
46;195
46;196
46;197
46;198
46;199
46;200
46;201
46;202
46;203
46;204
46;205
46;206
46;207
46;208
46;209
46;210
46;211
46;212
46;213
46;214
46;215
46;216
46;217
46;218
46;219
46;220
46;221
46;222
46;223
46;224
46;225
46;226
46;227
46;228
46;229
46;230
46;231
46;232
46;233
46;234
46;235
46;236
46;237
46;238
46;239
46;240
46;241
46;242
46;243
46;244
46;245
46;246
46;247
46;248
46;249
46;250
46;251
46;252
46;253
46;254
46;255
46;256
46;257
46;258
46;259
46;260
46;261
46;262
46;263
46;902
46;903
47;001
47;002
47;003
47;004
47;005
47;006
47;007
47;008
47;009
47;010
47;011
47;012
47;013
47;014
47;015
47;016
47;017
47;018
47;019
47;020
47;021
47;022
47;023
47;024
47;025
47;026
47;027
47;028
47;029
47;030
47;031
47;032
47;033
47;034
47;035
47;036
47;037
47;038
47;039
47;040
47;041
47;042
47;043
47;044
47;045
47;046
47;047
47;048
47;049
47;050
47;051
47;052
47;053
47;054
47;055
47;056
47;057
47;058
47;059
47;060
47;061
47;062
47;063
47;064
47;065
47;066
47;067
47;068
47;069
47;070
47;071
47;073
47;074
47;075
47;076
47;077
47;078
47;079
47;080
47;081
47;082
47;083
47;084
47;085
47;086
47;087
47;088
47;089
47;090
47;091
47;092
47;093
47;094
47;095
47;096
47;097
47;098
47;099
47;100
47;101
47;102
47;103
47;104
47;105
47;106
47;109
47;110
47;111
47;112
47;113
47;114
47;115
47;116
47;117
47;118
47;119
47;121
47;122
47;123
47;124
47;125
47;126
47;127
47;128
47;129
47;130
47;131
47;132
47;133
47;134
47;135
47;137
47;138
47;139
47;140
47;141
47;142
47;143
47;144
47;145
47;146
47;147
47;148
47;149
47;150
47;151
47;152
47;153
47;154
47;155
47;156
47;157
47;158
47;159
47;160
47;161
47;162
47;163
47;164
47;165
47;166
47;167
47;168
47;169
47;170
47;171
47;172
47;173
47;174
47;175
47;176
47;177
47;178
47;179
47;180
47;181
47;182
47;183
47;184
47;185
47;186
47;187
47;188
47;189
47;190
47;191
47;192
47;193
47;194
47;195
47;196
47;197
47;198
47;199
47;200
47;203
47;204
47;205
47;206
47;207
47;208
47;209
47;210
47;211
47;212
47;213
47;214
47;215
47;216
47;217
47;218
47;219
47;220
47;221
47;222
47;223
47;224
47;225
47;226
47;227
47;228
47;229
47;230
47;231
47;232
48;001
48;002
48;003
48;004
48;005
48;006
48;007
48;008
48;009
48;010
48;011
48;012
48;013
48;014
48;015
48;016
48;017
48;018
48;019
48;020
48;021
48;022
48;023
48;024
48;025
48;026
48;027
48;028
48;029
48;030
48;031
48;032
48;033
48;034
48;035
48;036
48;037
48;038
48;039
48;040
48;041
48;042
48;043
48;044
48;045
48;046
48;047
48;048
48;049
48;050
48;051
48;052
48;053
48;054
48;055
48;056
48;057
48;058
48;059
48;060
48;061
48;062
48;063
48;064
48;065
48;066
48;067
48;068
48;069
48;070
48;071
48;072
48;073
48;074
48;075
48;076
48;077
48;078
48;079
48;080
48;081
48;082
48;083
48;084
48;085
48;086
48;087
48;088
48;089
48;090
48;091
48;092
48;093
48;094
48;095
48;096
48;097
48;901
48;902
48;903
48;904
48;905
48;906
48;907
48;908
48;909
48;910
48;911
48;912
48;913
48;914
49;002
49;003
49;004
49;005
49;006
49;007
49;008
49;009
49;010
49;011
49;012
49;013
49;014
49;015
49;016
49;017
49;018
49;019
49;020
49;021
49;022
49;023
49;024
49;025
49;026
49;027
49;028
49;029
49;030
49;031
49;032
49;033
49;034
49;035
49;036
49;037
49;038
49;039
49;040
49;041
49;042
49;043
49;044
49;046
49;047
49;048
49;050
49;052
49;053
49;054
49;055
49;056
49;057
49;058
49;059
49;061
49;062
49;063
49;064
49;065
49;066
49;067
49;068
49;069
49;071
49;075
49;076
49;077
49;078
49;079
49;080
49;081
49;082
49;083
49;084
49;085
49;086
49;087
49;088
49;090
49;091
49;092
49;093
49;094
49;095
49;096
49;097
49;098
49;099
49;100
49;101
49;102
49;103
49;104
49;105
49;107
49;108
49;109
49;110
49;111
49;112
49;113
49;114
49;115
49;116
49;117
49;118
49;119
49;120
49;121
49;122
49;123
49;124
49;125
49;126
49;127
49;128
49;129
49;130
49;131
49;132
49;133
49;134
49;135
49;136
49;137
49;138
49;139
49;141
49;142
49;143
49;145
49;146
49;147
49;148
49;149
49;150
49;151
49;152
49;153
49;154
49;155
49;156
49;157
49;158
49;159
49;160
49;162
49;163
49;164
49;165
49;166
49;167
49;168
49;169
49;170
49;171
49;172
49;173
49;174
49;175
49;176
49;177
49;178
49;179
49;180
49;181
49;183
49;184
49;185
49;186
49;187
49;188
49;189
49;190
49;191
49;192
49;193
49;194
49;197
49;199
49;200
49;201
49;202
49;203
49;204
49;205
49;206
49;207
49;208
49;209
49;210
49;214
49;216
49;219
49;220
49;221
49;222
49;223
49;224
49;225
49;226
49;227
49;228
49;229
49;230
49;231
49;232
49;233
49;234
49;235
49;236
49;237
49;238
49;239
49;240
49;241
49;242
49;243
49;244
49;245
49;246
49;247
49;248
49;249
49;250
49;251
49;252
49;255
49;256
49;257
49;258
49;259
49;260
49;261
49;262
49;263
49;264
49;265
49;266
49;267
49;268
49;269
49;270
49;271
49;272
49;273
49;275
50;001
50;002
50;003
50;004
50;005
50;006
50;007
50;008
50;009
50;010
50;011
50;012
50;013
50;014
50;015
50;016
50;017
50;018
50;019
50;020
50;021
50;022
50;023
50;024
50;025
50;026
50;027
50;028
50;029
50;030
50;031
50;032
50;033
50;034
50;035
50;036
50;037
50;038
50;039
50;040
50;041
50;042
50;043
50;044
50;045
50;046
50;047
50;048
50;050
50;051
50;052
50;053
50;054
50;055
50;056
50;057
50;058
50;059
50;060
50;061
50;062
50;063
50;064
50;065
50;066
50;067
50;068
50;069
50;070
50;071
50;072
50;073
50;074
50;075
50;076
50;077
50;078
50;079
50;080
50;081
50;082
50;083
50;084
50;085
50;086
50;087
50;088
50;089
50;090
50;091
50;092
50;093
50;094
50;095
50;096
50;098
50;099
50;100
50;101
50;102
50;104
50;105
50;106
50;107
50;108
50;109
50;110
50;111
50;113
50;114
50;115
50;116
50;117
50;118
50;119
50;120
50;121
50;122
50;123
50;124
50;125
50;126
50;128
50;129
50;130
50;131
50;132
50;133
50;134
50;135
50;136
50;137
50;138
50;139
50;140
50;141
50;142
50;143
50;144
50;146
50;147
50;148
50;149
50;150
50;151
50;152
50;153
50;154
50;155
50;156
50;157
50;159
50;160
50;161
50;162
50;163
50;164
50;165
50;166
50;167
50;168
50;169
50;170
50;171
50;172
50;173
50;174
50;175
50;176
50;177
50;178
50;179
50;180
50;181
50;182
50;183
50;184
50;185
50;186
50;187
50;188
50;189
50;190
50;191
50;192
50;193
50;194
50;195
50;196
50;197
50;198
50;199
50;200
50;201
50;202
50;203
50;204
50;205
50;206
50;207
50;208
50;209
50;210
50;211
50;212
50;213
50;214
50;215
50;216
50;217
50;218
50;219
50;220
50;221
50;222
50;223
50;224
50;225
50;227
50;228
50;229
50;230
50;231
50;232
50;233
50;234
50;235
50;236
50;237
50;238
50;239
50;240
50;241
50;242
50;243
50;244
50;245
50;246
50;247
50;248
50;249
50;250
50;251
50;252
50;253
50;254
50;255
50;256
50;257
50;258
50;259
50;260
50;261
50;262
50;263
50;264
50;265
50;266
50;267
50;268
50;269
50;270
50;271
50;272
50;273
50;274
50;275
50;276
50;277
50;278
50;279
50;280
50;281
50;282
50;283
50;284
50;285
50;286
50;287
50;288
50;289
50;290
50;291
50;292
50;293
50;294
50;295
50;296
50;297
50;298
50;901
50;902
51;001
52;001
02;901
06;902
40;906
23;905
46;904
48;915
50;903
38;901
10;903
10;902
29;902
43;907
06;903
10;904
15;902
18;065
18;914
04;904
10;905
18;915
18;106
29;903
29;904
36;902
11;903
14;901
14;902
18;077
18;916
21;902
41;904
48;916
